114 2
-0.723592 -0.297956
-0.880662 -0.326253
-0.673619 -0.241807
-0.507908 0.851895
-1.189638 -0.583729
-1.134631 -0.641805
-0.701070 -0.101830
-0.791837 -0.892636
-0.852811 -0.959699
-0.920028 -0.742499
-0.926426 -0.754962
-0.940962 -0.892170
-0.860845 -0.830946
-1.178334 -0.871363
-1.208160 -0.927222
-1.004802 -0.090112
-0.743188 -0.146128
-1.197743 -0.097458
-1.299590 -0.141909
-0.856868 -0.489725
-1.088873 -1.049586
0.021620 1.174827
-0.811349 0.265359
-1.100660 1.075755
-1.053542 0.997498
-0.494450 1.721897
-0.159709 0.638015
-0.500626 0.623198
-0.503456 1.589750
-0.629218 0.565290
-0.706896 1.116217
-0.459480 0.456078
-0.159299 1.177027
-0.079748 1.263869
-0.805316 1.102200
-0.776365 1.076641
0.259698 0.537305
0.164003 0.700264
-0.626620 1.126027
-1.119895 -1.306247
-1.186381 -1.444530
-1.255689 -1.176310
-1.346836 -1.253044
-1.425343 -1.311396
-1.013452 -1.165875
-1.075989 -1.454357
-1.053717 -1.519149
-1.003524 -1.197875
-0.981705 0.413446
0.110649 1.213667
-0.704813 0.448945
-0.099447 0.630764
-0.651230 1.193191
-0.587859 0.475380
0.332941 0.500280
0.136055 0.709776
-0.547774 1.158780
-1.226506 -1.538378
-0.328700 1.190652
-0.435555 0.136575
-1.477561 1.152219
-1.149961 0.665383
-0.478561 1.143230
-0.233461 0.710195
-0.055011 0.678068
-0.397149 0.208822
-0.286485 0.980762
-0.707590 1.470877
-0.698590 1.474270
-0.766007 -0.016904
-0.317950 0.860696
-0.442735 1.412827
-0.451123 1.336849
-0.830013 1.300648
-0.907882 1.339575
-0.955190 0.917448
-0.920328 1.049094
-0.070810 0.876083
-0.288382 1.155476
-1.577706 1.189755
-1.085233 0.706599
-0.424302 1.103480
-0.213975 1.046525
-0.603044 0.266065
-0.370688 0.885448
-0.078000 0.904887
-1.059482 1.228072
-0.198118 0.776821
-0.404814 0.979131
-0.292171 0.514869
-0.858114 -0.033929
-0.803837 0.070413
-0.623236 1.142531
-0.657758 1.284266
-0.885199 0.857263
-0.048907 0.498703
-1.345495 0.937797
0.064451 0.506452
-1.078125 1.145751
-0.264596 0.506979
-1.405560 0.962578
-0.031965 0.946062
-0.028818 0.913383
-0.697716 0.365925
-1.089277 0.863791
-1.006427 0.463218
-1.154678 0.843795
-0.437276 1.432041
-0.452025 1.505684
-0.950021 0.975281
-1.027603 0.961973
-0.670149 0.487557
-1.016730 0.546637
-0.392408 0.717674
