144 2
1.124791 1.046934
1.169386 0.633686
0.548323 0.665847
0.161911 0.944219
0.911157 0.482136
0.982201 0.838971
1.154969 0.817027
1.806976 0.784385
1.036815 0.947519
1.498723 0.584264
1.614138 0.379686
1.448808 0.636957
1.494449 0.866500
1.334527 1.196861
1.473129 0.939121
1.196201 0.372880
1.367209 0.400942
0.917282 0.694337
1.247778 1.312512
1.424368 0.746740
1.154928 1.018606
1.347660 0.955103
1.454141 1.024659
1.601085 0.717466
1.650689 0.438015
1.646561 0.518037
1.339631 0.705570
1.523232 0.513789
1.156799 1.238856
0.712448 0.471380
0.524061 0.529731
0.982311 0.297673
0.829121 0.147284
0.344783 0.919406
0.631970 1.016021
0.712688 0.274756
0.400172 1.231722
0.719082 0.932250
0.999186 0.222265
0.443097 0.908580
0.368484 1.006089
0.642982 0.341254
0.688523 0.659168
0.713954 0.207121
0.627457 1.158051
0.517801 1.148940
0.310636 0.669009
0.781180 0.679696
1.050735 1.156538
1.277856 1.145626
1.986783 0.908742
1.936233 0.894061
2.103704 0.941777
1.861147 1.005135
1.008595 1.020615
2.011258 0.795954
1.686998 1.047797
2.153300 0.918497
1.971835 0.814784
1.966926 0.775677
1.936965 0.761455
2.057014 0.800723
1.924609 0.982264
2.038616 0.806946
2.201720 0.847029
2.094184 0.889380
2.016383 0.772250
2.133914 0.616774
1.965342 0.732620
2.077915 0.669580
1.447705 0.554218
0.488672 0.633250
1.653479 0.163979
1.433609 0.966352
1.249435 0.302732
1.430408 0.041236
1.193116 0.469914
1.284407 1.472041
1.593081 0.765773
1.105021 0.834346
1.293602 1.361209
1.288673 1.088144
1.662674 0.819192
2.022658 0.354361
1.440736 0.667583
0.196307 0.508471
0.100674 0.429846
0.380975 0.738568
-0.116773 0.545656
0.181882 0.374405
0.211154 0.718253
-0.085835 0.781058
0.004868 0.367972
0.228475 0.708488
0.271086 0.621615
-0.134870 0.707485
0.120128 0.678806
0.203138 0.453401
0.199739 0.459185
-0.012760 0.706513
-0.019960 0.483991
0.098344 0.524706
-0.009858 0.482730
0.300789 0.357683
0.232382 0.485359
1.394902 0.790282
1.168182 0.882441
0.496385 0.154665
-0.094964 0.640906
0.913883 0.034619
0.801128 0.122326
0.537730 1.193596
0.559167 1.136348
0.751952 0.102503
0.270965 1.329957
0.666790 1.191397
0.985781 -0.120073
0.158459 1.123145
0.317318 1.046383
0.478286 0.142731
0.709484 0.048209
0.475098 1.209917
0.366471 1.366375
-0.264943 0.695472
-0.240592 0.404304
-0.189672 0.505550
-0.121211 0.844714
-0.315948 0.614685
-0.255062 0.566344
-0.332690 0.414105
-0.212370 0.693608
-0.196205 0.609035
-0.049917 0.646120
-0.115100 0.624273
-0.227640 0.728584
-0.096730 0.516103
-0.485617 0.760655
-0.228309 0.362085
-0.198644 0.673516
-0.324379 0.535009
-0.240924 0.638558
-0.057875 0.503032
-0.341743 0.712986
-0.134996 0.665510
