589 2
-2.624227 1.689347
0.045847 2.072165
0.177994 2.066226
0.165824 1.927500
0.204145 2.007901
-0.014682 1.988618
-0.095798 1.985931
0.353283 1.917976
0.046424 2.015515
-0.070930 2.204825
-0.056593 2.185989
0.241004 1.723253
0.269536 1.656256
0.235903 2.021282
0.386237 2.327339
0.387304 2.344942
-0.752265 1.578459
0.139755 2.339115
0.173692 2.344881
0.410893 1.944010
0.412552 1.951452
-0.019354 1.941115
-0.076950 1.957285
-1.111130 1.197237
0.169370 1.814137
0.182103 1.791969
0.080632 2.164065
0.239460 1.921573
0.233213 2.124894
0.008793 2.164282
0.229138 2.073777
0.212137 2.126540
0.081638 2.019300
0.239981 1.942943
0.209491 1.893188
0.118048 2.437857
0.354680 2.161679
0.406505 1.815136
0.029467 1.989268
0.061752 1.974721
0.356365 2.117807
0.372765 2.063401
-0.449022 2.013473
0.017863 1.893754
-0.072256 2.212267
-0.097902 2.263660
0.498999 0.676137
0.275108 1.616186
0.256222 1.978479
0.269564 1.988597
0.427947 2.407150
0.433308 2.423611
0.451279 2.411117
0.424644 2.431465
-1.002242 1.467105
-0.750551 1.552138
-1.324541 1.420042
-0.838970 1.529279
-1.311073 1.394186
0.139872 2.414082
0.161065 2.438272
0.137766 2.392148
0.241812 2.487367
0.466863 1.910449
0.469999 1.906117
0.472986 1.898885
-0.081286 1.928870
-1.082093 1.201916
-1.706992 0.979481
-1.086403 1.214001
-1.786655 1.027832
-1.719539 1.079688
0.180451 1.740277
-0.006016 2.388075
0.021959 2.346044
-0.055291 2.156860
-0.039629 2.148738
0.171770 2.183678
0.269417 1.892758
0.093883 2.506773
0.453616 2.303067
0.412225 2.248629
1.023524 1.055633
1.023095 1.031825
1.048579 1.034126
0.547329 1.751224
2.691414 0.066506
0.005974 2.044011
0.471337 2.119807
-0.537326 2.037953
-1.274988 1.914882
-1.400233 1.920399
0.567351 0.611631
0.447592 0.641179
0.557988 0.726531
0.456516 0.747232
-1.729476 1.667156
-1.834933 1.609214
-1.961883 1.670267
-1.903806 1.511081
0.520461 0.692479
0.669625 0.458785
0.734686 0.376769
0.692839 0.434221
0.503474 0.665585
0.554349 0.674758
0.527287 0.680058
0.497028 0.640427
0.546443 0.662253
0.514241 0.684983
0.503894 0.674635
0.493959 0.671170
0.604560 0.764990
0.482084 0.660820
0.497951 0.684972
-1.012083 1.456199
-1.636743 1.686785
-2.169141 1.801057
-2.385271 1.588920
-1.516639 1.442796
-2.545230 1.695310
-1.683894 1.203494
-2.105994 1.594508
-2.248787 1.731682
-2.026956 1.813516
-1.892134 1.704814
-2.049753 1.803321
-2.171268 1.456654
-1.930546 1.581224
-1.844650 1.984436
-1.856391 2.024603
-2.019524 1.580642
-1.949741 1.586979
-1.801538 1.616961
-1.537174 1.563443
-2.057098 1.432339
-1.757583 1.751257
-1.906159 0.496640
-2.037282 1.740807
-1.624412 1.844099
-1.552401 1.847308
-2.070551 1.561798
-1.449329 1.474473
-1.388118 1.501968
-1.825009 1.524248
-1.764742 1.585243
-1.870067 1.800189
-2.089880 1.634966
-1.958847 1.960460
-1.721124 1.796547
-1.810644 1.161015
-1.880510 1.235510
-1.938116 1.108400
-1.990256 1.755808
-1.904467 1.728110
-1.867828 1.069815
-1.769253 1.197005
-1.801139 1.242037
-2.132261 1.768941
-2.259881 1.859439
-2.254079 1.896759
-2.174063 1.828006
-2.454845 1.558064
-2.417475 1.582105
-2.408176 1.586149
-1.559465 1.454819
-1.464169 1.348352
-2.615992 1.708714
-2.661567 1.732966
-2.622531 1.732600
-2.639924 1.727592
-2.609853 1.711419
-2.655444 1.728204
-1.678345 1.055118
-1.628085 1.096749
-1.690003 1.134317
-2.164821 1.648032
-2.369299 1.794717
-2.290551 1.778227
-2.361170 1.819555
-2.281591 1.765638
-2.064266 1.956819
-1.991139 1.770806
-2.257846 1.939267
-2.154644 1.908360
-2.270584 1.385185
-2.266476 1.364112
-1.855576 2.139182
-1.844702 2.079094
-1.833253 2.073776
-1.879424 2.193636
-1.654785 1.826984
-1.585570 1.565332
-1.461736 1.575892
-2.141346 1.398731
-2.084963 1.429595
-1.739350 1.726340
-1.889431 0.423199
-1.878218 0.116321
-1.785679 0.110515
-1.839687 0.269880
-2.075696 1.711320
-2.086815 1.764596
-1.521486 1.882211
-1.489852 1.936033
-2.291977 1.468789
-1.390680 1.524570
-1.386178 1.476609
-1.803422 1.846582
-1.811620 1.883117
-2.207829 1.829509
-2.079444 1.716504
-1.966803 2.084120
-1.934080 2.038258
-1.941799 2.017600
-1.983678 2.074327
-1.646923 1.797640
-1.622787 1.953294
-1.825029 1.124258
-1.775084 1.147150
-1.961602 1.069174
-1.994216 1.013467
-1.957943 1.010375
-1.935349 1.013392
-1.954066 1.769585
-1.870464 0.976337
-1.892061 0.984642
-1.926925 0.921256
-1.834609 1.187404
-1.847777 1.210481
0.686130 0.425718
0.713100 0.407336
0.489625 0.678487
0.547946 0.674090
0.079324 -1.716449
0.389187 0.556808
0.427796 0.587735
0.380808 0.552228
0.495281 0.707901
0.489315 0.679546
0.508769 0.669857
0.528296 0.666408
0.488509 0.666875
0.511876 0.673624
0.528781 0.681150
0.577794 0.681912
0.514175 0.680790
0.541606 0.701584
-0.834232 -0.712641
0.165765 -1.686340
0.058623 -1.635312
-1.453877 -0.260773
-1.522728 -0.381288
-1.434044 -0.326602
0.204547 -1.528664
0.163434 -1.540766
0.106548 -1.669252
-0.096484 -1.699080
-0.149525 -1.716351
0.048259 -1.582481
0.081650 -1.803794
0.038800 -1.751582
0.174909 -1.760035
0.178968 -1.699326
0.141635 -1.567890
0.114241 -1.724975
-0.089925 -1.331291
-0.101641 -1.325326
-0.090487 -1.349975
-0.080720 -1.363074
0.236763 -1.817784
0.309071 -1.889905
-0.030113 -1.593999
0.556256 -1.871047
0.624528 -1.911097
0.630737 -1.901285
0.640153 -1.906264
0.091226 -1.640753
0.367163 -2.193415
0.406288 -2.269971
0.378122 -2.189346
0.385659 -2.209181
0.086742 -1.612197
0.178775 -1.682056
0.123891 -1.598462
0.124862 -1.657286
-0.160739 -1.626109
-0.110415 -1.621192
-0.122634 -1.660817
-0.127844 -1.627795
-0.092808 -2.378950
-0.125454 -2.460521
-0.108194 -2.419901
-0.117700 -2.453765
0.121230 -1.587276
3.553519 -0.077823
0.015958 -1.713037
0.141003 -1.738800
0.165054 -1.597818
0.119406 -1.611104
0.225346 -1.558973
0.308047 -1.550706
0.072393 -1.734527
0.295439 -2.285737
0.263288 -2.262628
0.321923 -2.328324
0.311564 -2.297808
-0.002422 -1.813031
-0.345139 -1.760032
-0.447047 -1.786543
-0.392487 -1.755869
-0.368649 -1.761301
-0.146803 -1.751422
-0.181048 -1.764263
0.112498 -1.666571
0.320809 -1.671594
0.392621 -1.618029
-0.001993 -1.772315
0.002687 -1.822806
0.035945 -1.795480
0.047772 -1.845808
0.045826 -1.861847
0.244501 -2.049126
0.287944 -2.085927
0.305535 -2.080376
0.246529 -2.112255
0.032064 -1.565795
0.435829 -1.366933
0.435013 -1.347594
0.475951 -1.299591
0.418839 -1.357330
0.345833 -1.323624
0.390322 -1.297663
0.371597 -1.303792
0.370296 -1.287957
0.042296 -1.673518
-0.221402 -1.640551
-0.309142 -1.614767
-0.298195 -1.611950
-0.296292 -1.624778
0.089871 -1.658506
0.122332 -1.661007
0.142751 -1.704200
0.127112 -1.708010
0.089792 -2.140281
0.086704 -2.272196
0.152187 -2.200264
0.099187 -2.192764
-0.041970 -2.081571
-0.071939 -2.101877
-0.009248 -2.134840
-0.052938 -2.155283
0.011951 -1.757046
-0.030118 -1.829212
0.372906 -1.732330
0.409393 -1.734832
0.431582 -1.722372
0.450043 -1.724071
0.081655 -1.655381
0.083111 -1.694442
0.160335 -1.686273
0.149902 -1.379872
0.177094 -1.360060
0.136978 -1.663067
-0.157919 -1.944336
-0.161967 -1.951400
-0.174431 -1.966165
-0.163322 -1.951763
0.044270 -1.722033
-0.392649 -1.186294
-0.889534 -0.596823
-1.486368 -0.494700
-1.527592 -0.496608
-1.300068 0.192426
-1.294963 -0.197459
-1.810059 -0.183888
-1.474842 -0.494765
-1.768260 -0.552171
-1.722686 -0.524822
-1.726640 -0.050248
-1.355669 -0.400577
-1.432774 -0.399405
-1.218674 -0.583692
-1.165429 -0.625684
-1.480953 -0.248170
-1.655663 -0.464207
-1.456167 -0.528565
-1.456159 -0.446264
-1.718530 -0.323117
-1.448747 -0.201259
-1.355704 -0.283517
-1.443036 -0.201348
-1.340100 0.233692
-1.512373 -0.265291
-1.579558 -0.248329
-1.348044 -0.097792
-1.591428 0.400333
-1.323796 -0.373873
-1.315259 -0.401069
-1.302154 -0.361576
-1.371451 -0.965903
-1.580128 -0.225873
-1.198918 -0.426431
-1.565424 -0.798709
-1.751706 0.041411
-1.359387 -0.304947
-1.218932 -0.260688
-1.326131 -0.060803
-1.465374 0.123545
-1.514492 -0.559318
-1.297753 0.161290
-1.298172 0.210987
-1.204871 -0.189459
-1.921367 -0.221741
-1.957489 -0.134219
-1.996742 -0.095938
-2.018993 -0.167647
-1.976178 -0.130923
-1.446886 -0.679698
-1.506207 -0.627200
-1.773188 -0.568575
-1.795552 -0.556413
-1.807480 -0.557791
-1.818087 -0.625140
-1.796368 -0.040243
-1.863469 0.011579
-1.357237 -0.425410
-1.144309 -0.663173
-1.156192 -0.633684
-1.141575 -0.655386
-1.142358 -0.646348
-1.563782 -0.269423
-1.946876 -0.659439
-2.022787 -0.721275
-2.026977 -0.725601
-1.795425 -0.527872
-1.444062 -0.718880
-1.423994 -0.614478
-1.395475 -0.598049
-1.816324 -0.369884
-1.741985 -0.335527
-1.404912 -0.180828
-1.566577 -0.171520
-1.303585 0.336800
-1.298429 0.369982
-1.613128 -0.243448
-1.335409 -0.028461
-1.615944 0.482035
-1.585848 0.478474
-1.171346 -0.338622
-1.320768 -0.364011
-1.219180 -0.474812
-1.181798 -0.409489
-1.270591 -0.357540
-1.361741 -1.024160
-1.360930 -1.018107
-1.351551 -1.075015
-1.354566 -1.021794
-1.356411 -1.010336
-1.680895 -0.194407
-1.668781 -0.245808
-1.166966 -0.460988
-1.589107 -0.875094
-1.599085 -0.841051
-1.576240 -0.875797
-1.562221 -0.851974
-1.616062 -0.862643
-1.710177 0.042513
-1.238779 -0.315379
-1.166211 -0.256560
-1.124041 -0.253189
-1.429286 0.177406
-1.422602 0.184964
-1.488537 0.290798
3.683033 -0.082095
3.289149 -0.023808
3.349894 -0.137011
3.377230 -0.181682
3.676702 -0.070402
3.419030 0.017330
3.236417 -0.331077
3.344997 -0.381955
3.460910 -0.459944
3.411936 -0.335305
3.125320 -0.015282
3.305777 0.002293
3.463101 -0.223414
3.531295 0.097499
3.559210 -0.140300
3.517422 -0.059110
3.518470 -0.071414
3.258181 -0.055460
3.326136 -0.206108
2.879025 0.114016
2.880987 0.047533
3.029362 -0.530133
3.094438 -0.569130
3.609882 -0.284441
3.649789 -0.319644
3.241280 -0.057518
3.387358 -0.095294
3.290175 -0.755864
3.124559 -0.279504
3.263857 0.184981
3.066428 -0.182280
3.397705 -0.033936
3.382780 0.053446
2.990092 -0.021274
3.640920 0.164987
3.800700 -0.048406
3.172693 -0.101041
3.227019 0.236581
3.306001 -0.140372
3.309543 -0.116442
3.391779 -0.206603
3.423530 0.182521
3.242479 -0.038680
3.342991 -0.322196
3.316700 -0.217148
3.171941 -0.219763
3.732592 -0.044660
3.463856 0.176720
3.589261 0.089499
3.205915 -0.359435
3.432508 -0.676510
3.432687 -0.708595
3.261815 -0.516429
3.449434 -0.611564
3.447624 -0.430456
3.063016 0.008838
3.063968 -0.018198
3.254917 0.014843
3.079727 0.035785
3.476772 -0.365952
3.621290 0.110077
3.557316 0.119811
3.634447 -0.041383
3.574320 0.017415
3.595374 -0.156718
3.247824 0.008132
3.363517 -0.320364
2.821022 0.151120
2.823257 0.157422
2.769929 0.199406
2.753246 0.215591
2.883119 0.118328
2.853830 0.117873
2.841751 0.132828
3.069892 -0.575949
3.011631 -0.615983
3.024469 -0.596996
3.029754 -0.602463
3.005698 -0.620880
3.081339 -0.555681
3.718584 -0.427962
3.722284 -0.378358
3.709566 -0.399451
3.739186 -0.345099
3.203236 -0.001133
3.370580 -0.111722
3.320107 -0.823807
3.285476 -0.772089
3.289495 -0.738957
3.291224 -0.794576
3.271437 -0.811177
3.003025 -0.391766
3.079831 -0.358593
3.211603 0.283024
3.255032 0.305692
3.239030 0.221304
3.000200 -0.201874
3.056851 -0.142963
3.466892 0.165907
3.393602 0.217641
2.828419 0.038412
3.714483 0.207001
3.716848 0.201522
3.679356 0.149220
3.759027 0.220746
3.914593 -0.049652
3.858614 -0.056412
3.999778 -0.048395
3.927032 -0.056547
3.062076 -0.089416
3.246699 0.317393
3.203228 0.309192
3.249630 0.361526
3.430860 0.217129
3.455976 0.242257
