1589 2
2.234586 -1.971729
-1.961067 -1.393918
-2.751506 -2.085548
-2.774802 -2.182419
-2.598205 -2.290740
-0.762315 3.213673
-2.247655 -2.695751
-2.641992 -2.160694
-1.584042 -0.123083
-2.649947 -2.116359
-2.575302 -1.954621
1.983702 -2.195455
-2.264295 -2.098957
-2.490609 -1.935620
-2.464700 -1.784156
-2.117136 -2.438094
1.260764 -0.142889
-2.257008 -1.933806
1.257031 2.054134
1.624093 0.013769
-2.189896 -1.913606
2.540885 0.345614
-0.064640 0.469291
2.239541 0.598812
2.292013 1.272384
-0.898171 0.431319
2.244647 -0.232877
0.594773 0.544238
2.013185 0.422388
0.659329 0.836165
1.827670 -2.030706
2.048671 0.662238
1.805007 -0.758826
1.281917 2.032134
1.210005 0.968217
-1.604272 -0.378773
-2.886261 -2.102243
-2.364082 -2.035362
1.474059 -0.209458
-2.311823 -2.362543
-2.387734 -1.735524
-0.736107 3.147070
-2.354211 3.773193
-2.662398 -2.246979
-2.178963 -2.248407
-2.343229 -2.060596
-2.399988 -2.840684
-2.403560 -2.805513
-1.872686 -2.170298
-2.516834 -2.151582
-1.116067 0.607373
-2.619822 -2.314088
-2.162900 -1.724303
-0.716954 0.386000
-1.126963 0.522927
-2.645623 -2.120739
-2.728678 -2.127026
-2.762051 -2.164356
-2.827264 -1.886360
-2.130320 -2.060017
-2.378569 -1.435939
-2.494395 -1.485544
-1.849417 -2.794720
-2.084321 -1.344919
-2.347609 -2.117493
-2.237337 -1.499692
-2.681437 -2.301651
-2.140332 -2.321217
-2.909446 -2.515759
-1.943431 -1.359377
-2.008706 -1.419755
-2.623225 -1.923412
-2.138456 -2.200696
-1.990394 -2.107409
-2.509429 -2.292184
-2.109350 -2.212975
-2.128371 -2.328139
-2.440662 -2.237399
-2.572049 -2.202218
-2.895533 -2.133247
-2.523212 -2.100842
-2.347844 -2.235781
-2.731380 -2.394156
-2.509130 -2.052199
-2.647787 -2.031219
-2.747710 -1.942242
-2.334793 -2.228014
-2.740594 -3.068635
-2.738350 -3.039165
-2.271401 -2.710843
-2.289823 -2.666026
-2.086797 -1.977711
-2.592638 -1.837487
-2.707154 -1.987007
-2.756431 -3.175183
-2.643901 -2.527168
-2.396375 -1.682532
-2.782585 -3.166287
-2.032237 -2.423338
-2.207671 -1.807799
-2.826939 -2.196140
-2.646295 -1.851564
-2.408157 -1.714951
-2.718694 -2.343058
-2.129388 -2.229030
-2.312209 -2.030474
-2.762616 -2.451444
-2.541186 -2.233643
-2.740786 -2.423876
-2.232206 -1.796991
-2.739272 -2.138129
-2.671973 -1.814518
-2.098532 -2.269779
-2.442373 -2.050816
-1.899009 -2.172959
-2.496064 -2.360945
-1.821078 -2.347331
-2.104211 -2.280015
-2.778470 -2.421960
-2.663287 -2.255540
-2.875782 -2.163112
-2.431164 -1.953085
-2.643419 -2.171412
-2.108245 -2.575223
-2.610698 -2.337468
-2.653374 -2.025735
-2.331256 -2.374495
-2.640520 -2.268279
-2.730865 -1.928252
-1.915217 -1.364487
-2.728263 -2.040489
-2.388414 -1.793899
-2.194273 -0.851064
-3.005198 -2.634683
-3.118283 -1.871262
-2.330489 -1.824477
-2.153554 -0.793055
-2.488307 -1.213013
-1.742762 -2.859289
-2.032448 -1.240216
-2.700595 -1.995334
-2.369862 -1.422406
-2.899352 -1.618332
-1.764102 -2.932264
-1.956936 -1.266903
-2.523673 -2.638478
-2.496473 -2.620818
-2.497217 -2.767187
-2.570817 -2.535795
-2.522943 -2.443633
-0.669950 3.133497
-0.825981 3.102901
-0.748832 3.216135
-0.790959 3.125506
-0.785992 3.158676
-0.828824 3.168284
-0.701952 3.113393
-0.789151 3.260961
-1.748132 0.231125
-1.562755 0.167183
-1.776785 0.131251
-1.351513 -0.153113
-1.372201 -0.168752
-1.621783 0.024735
-1.542296 0.062682
-1.861595 0.129111
-1.774180 0.234288
-1.680878 0.029230
-1.641008 -0.159021
-1.852809 -0.031429
-1.599188 0.210196
-1.518977 0.127270
-1.776381 -0.253514
-1.382998 -0.045624
-1.743545 0.077738
-1.722926 0.282616
-1.713774 -0.139200
-1.549357 -0.167892
-1.279590 -0.068322
-1.476637 0.189266
-1.325225 -0.112809
-1.476382 -0.183124
-1.682551 -0.057245
-1.453916 -0.017051
-1.565840 -0.101114
-1.623793 0.036022
-1.773599 0.240992
-1.597672 -0.186472
-1.771517 -0.042101
-1.528411 -0.000064
-1.434704 -0.075395
-2.621847 -1.917951
-2.214881 -2.214507
1.196007 -0.095474
1.273909 -0.154536
-2.519968 -2.036859
-1.942367 -2.153171
-2.543847 -2.242795
-1.846306 -2.332702
-2.262794 -2.180550
-1.785975 4.881263
1.646312 -0.384275
-2.363322 -2.380331
-2.681383 -2.288208
-1.002402 4.101340
-0.953263 4.052739
-0.782069 0.336440
-0.649438 0.535296
1.535896 -0.303101
-2.497704 -2.228189
1.567199 -0.262091
-2.820164 -2.182568
-2.422309 -2.027685
-2.595693 -2.040502
-2.134891 -2.547946
-2.568729 -2.283153
-2.440301 -2.122305
-0.815943 3.187134
-2.603019 -2.093344
-2.354963 -2.272552
-2.697518 -1.964150
-2.310956 -2.371964
-2.154300 -1.876744
1.634479 -0.366362
1.898124 -2.716990
1.932717 -0.198937
-2.671198 -1.999819
-1.141863 0.719119
-1.548623 4.704740
1.448843 0.125980
-2.321984 3.814535
-1.638442 -0.045480
-1.054974 0.229262
2.067021 -2.143636
-2.208055 -2.694601
-2.233093 -2.589180
-3.252836 -2.273376
-3.219893 -2.210683
-3.091020 -2.243480
-3.267245 -2.282088
-3.351939 -2.317154
-3.309379 -2.281395
-1.258667 0.678976
-2.324292 3.818138
-1.612716 4.656101
-0.979857 4.079656
-1.287257 1.313957
-0.802117 3.149209
-1.685364 -0.234367
1.911593 -2.622555
-2.381224 -2.518253
-2.992626 -2.607325
1.571820 0.024497
-2.406622 -2.715851
-2.767751 -3.134644
-0.955611 4.058622
1.647507 -2.377776
1.752494 -0.387089
-3.064626 -1.867779
-2.232887 -2.468297
1.428841 0.294283
1.485594 0.129331
1.434875 0.128400
1.347038 0.882774
1.671230 -2.010653
-1.115255 0.585487
1.588000 0.072928
-1.629159 4.182169
1.763987 -1.850222
1.743375 -1.788842
1.692451 0.044130
-2.130290 -0.774578
-2.023453 -1.813675
-2.324566 3.817003
-2.313444 3.830315
-1.723895 4.845680
-1.744178 4.832328
-2.305709 3.840621
-2.343298 3.789056
1.721960 -0.374986
-2.521433 -1.291093
1.806757 0.387234
-1.767486 -2.854735
-2.056865 -1.271747
1.706495 -0.354239
1.906136 -2.768361
2.334268 -2.195336
-1.576319 0.038761
-2.291794 -2.601352
2.385077 -2.324570
1.330613 -0.811836
-0.668511 0.485341
1.231058 0.545879
1.957559 -0.211773
0.835222 1.087275
1.173559 -0.563866
1.765088 1.411003
2.532317 0.348426
2.326119 -0.226650
1.253522 1.110004
-2.466157 -2.145056
2.257167 -1.974674
1.652660 -0.121481
2.530780 0.356179
1.463453 -2.169509
1.463278 -2.178733
0.854711 0.638395
0.902933 0.488168
2.004461 0.149477
1.323613 -0.797316
1.873777 -0.850993
-1.542011 4.848335
1.167992 1.422981
-1.342869 0.129692
1.974991 0.400434
0.623014 0.060109
1.327744 -0.432952
1.891175 -2.721360
2.302148 -2.173980
1.289017 2.002047
1.907823 -0.189850
1.187554 -0.530963
-0.875068 4.030456
1.466418 -2.182848
1.453652 -2.180780
0.900358 0.530132
0.955472 0.495315
1.944393 0.174447
2.408955 -2.338152
2.508246 0.383197
1.957566 0.395102
1.983369 0.415054
0.807864 1.092430
1.236609 1.108731
1.349846 -0.432286
1.673807 -0.130221
1.164003 1.425252
1.158943 1.410770
1.160357 1.428820
1.150330 1.445828
1.161826 1.424929
1.162423 1.421147
2.295128 -0.182052
2.254847 -1.998757
2.232107 -1.953116
2.250297 -1.967226
2.034194 1.011306
1.897065 -2.685915
1.908421 -2.677263
1.242276 0.528028
2.325994 -2.040583
1.874159 -0.858139
0.670167 0.059050
1.329445 -0.798394
0.605432 0.046565
-2.480994 -2.687159
1.278960 -0.704891
-0.990249 0.447305
-1.513875 4.778591
2.312716 -2.195123
1.279270 2.019578
-1.622631 -0.057855
-2.470903 -2.709422
-2.392172 -2.116799
1.931525 -2.599664
1.154008 1.436837
2.248300 1.426727
2.354875 -2.320223
1.957702 0.418852
-0.747891 3.185253
-1.404555 4.709535
-1.381044 4.719607
-1.475792 4.668316
-1.779057 4.909301
-1.810898 4.583286
-1.734244 4.797447
-1.566872 4.778012
-1.481143 4.832977
-1.876855 4.640596
-1.615448 4.856698
-1.770660 4.668530
-1.691919 4.462287
-1.610724 4.865158
-1.436373 4.818440
-1.607669 4.941171
-1.549700 4.872393
-1.416107 4.710703
-1.673842 4.733082
-1.655868 4.941375
-1.593914 4.710727
-1.490498 5.015609
-1.789606 4.659802
-1.772434 4.816110
-1.500346 4.418225
-1.594777 4.532580
-1.660378 4.585045
-1.678798 4.899346
-1.552633 4.594372
-1.561085 4.914085
-1.727831 4.644079
-1.676979 4.577480
-1.554962 4.820853
-1.693377 4.792249
-1.472249 4.699352
-1.530335 4.757530
-1.516625 4.869973
-1.572120 4.763393
-1.487270 4.682377
-1.586393 4.767632
-1.664015 4.661084
-1.679319 4.658786
-1.512651 4.620131
-1.712942 4.889923
-1.605575 4.878056
-1.488724 4.709535
-1.402020 4.681962
-1.374712 4.661767
-1.811668 4.757577
-1.613943 4.516772
-1.400639 4.814856
-1.756367 4.605487
-1.696237 4.569249
-1.649798 4.861962
-1.601231 4.899497
-1.569571 4.853046
-1.651216 4.915619
-1.828158 4.829759
-1.218390 4.758913
-1.608702 4.691692
-1.603731 4.793778
-1.713572 4.810008
-1.414780 4.777415
-1.718354 4.696653
-1.518719 4.553315
-2.436840 -2.869665
2.302900 1.280413
2.297436 -1.992881
1.165094 1.420037
1.498791 0.178937
-1.574345 -0.305756
-0.021254 0.651753
1.227316 -0.123024
-0.785375 3.262488
1.469530 -0.369571
2.480992 1.332877
-0.801841 3.109709
-2.063914 -1.841120
-1.075845 0.317350
0.889599 0.277414
-0.678541 3.134377
1.994161 0.711658
2.084202 0.858219
2.085998 0.801135
2.051276 0.897654
2.085519 1.032734
2.191053 1.324712
2.132406 -1.810280
1.617255 -2.215272
-0.084680 0.472225
0.621670 0.465492
-2.287107 -2.714863
1.422311 -0.039154
1.902568 -2.653018
1.897351 -2.711146
1.583437 -2.029109
0.443560 0.347438
1.555871 0.248822
-1.082566 0.452337
-2.503550 -2.604426
1.356516 0.059594
2.480978 1.234919
1.850121 -1.969439
1.700252 -0.274481
2.244633 -1.955115
1.247371 0.543994
2.318454 1.295045
-1.071330 0.610864
-2.587953 -2.571152
1.344929 -0.036779
1.865050 -0.833857
1.674846 0.305873
1.761945 0.392137
2.298886 1.341033
-2.310400 3.837298
-0.934604 0.353072
1.519855 0.137603
-2.402838 -2.262420
1.197865 -0.197938
2.212441 1.279895
2.454829 1.471113
0.817230 1.088295
2.318531 -0.223745
1.431459 0.144284
2.200871 -0.366811
2.187116 -0.450830
1.281442 2.004750
1.620584 -0.328748
1.511422 -2.141999
-2.325740 3.812989
1.252695 -0.155112
-2.948612 -2.519010
-0.521542 0.625852
1.209166 -0.139253
-2.775408 -1.915226
-2.391597 -1.519945
-2.660761 -1.504773
-1.815196 -2.848455
-1.977562 -1.253347
2.254601 1.543872
2.470231 1.300265
-2.312975 3.830789
1.166375 -0.564739
2.310717 -0.189202
-1.916196 -1.370817
1.730694 -1.288356
1.734645 -1.300456
2.283303 1.420744
2.439130 1.259031
2.492369 1.214971
1.509694 0.197741
2.312077 1.346328
2.335315 0.954728
2.338583 0.868455
2.275182 -2.272747
2.329582 1.504438
2.477425 1.417266
2.389180 1.210785
1.744628 -1.594367
1.715308 -1.343826
2.264059 1.500194
-1.013071 0.271330
1.628687 -0.564612
-1.584923 -0.159855
-1.819381 0.127039
-1.534047 0.109235
1.496624 1.217022
1.496316 1.267919
1.429704 0.117895
-1.515329 0.057013
2.083442 0.793959
2.235985 1.211535
1.233414 -0.058657
1.393989 0.124788
1.532387 1.066976
1.504291 1.089588
-1.966918 -1.393859
-2.478167 -2.556053
1.158140 -0.156103
1.689426 -0.058919
0.833702 0.692870
2.008358 1.067161
1.537121 -0.686433
1.581892 -0.717635
1.374588 0.092187
1.764962 -1.271468
1.791984 -1.379513
1.274797 -0.211231
2.185157 -1.995520
-0.461586 0.667606
-0.939547 4.071287
-0.954247 0.371639
1.264656 -0.413428
2.520087 0.345628
-1.696348 0.249182
-1.312539 -0.009662
-1.741767 0.200971
2.323556 -2.155773
1.278321 2.037303
1.580238 -2.016846
-2.758080 -3.145899
1.484856 -2.159614
1.431500 0.209613
1.845861 1.184687
-0.077294 0.478266
-0.854019 0.436796
-2.067805 -1.776217
-2.401785 -2.244238
1.714497 -2.025101
0.078395 0.414218
1.827854 -2.364846
1.777218 -2.341595
1.983634 -2.109339
2.002496 -2.085016
-0.074737 0.471063
-0.083180 0.479143
-1.600046 -0.158764
2.225103 1.376184
1.246133 -0.079890
1.826210 -1.921963
1.797598 -1.995718
1.259854 -0.140081
1.410769 0.584218
1.827263 -2.174580
1.855341 -2.311007
1.585472 -2.091568
1.564364 -2.060337
-0.111070 0.463232
1.896432 -2.007171
1.912873 -2.314684
1.828017 -2.314099
-1.716458 0.077547
1.872556 -2.057338
-1.641171 0.019404
1.362360 -0.438069
1.216617 -0.106064
1.499360 0.084246
-1.460892 -0.129137
-1.630851 0.023287
-1.554917 0.008206
1.234861 -0.515922
-1.391947 -0.080691
-1.486906 -0.054281
1.609414 -2.089293
1.885134 -2.004702
1.648132 -1.983919
1.710628 -2.350182
2.069100 -2.142246
2.097095 -2.154695
1.249457 1.098176
1.853758 -1.999020
1.829681 -2.012845
-2.167944 -2.551957
-1.081723 0.665061
1.963921 -2.264724
1.967018 -2.244363
-2.342203 -2.125248
-2.389237 -2.234395
1.665700 -1.950387
-0.761243 3.211417
-0.825494 3.154147
-1.458769 0.034355
-0.095776 0.491221
-0.725596 3.231309
2.223022 -1.995759
1.584793 -2.406597
1.586732 -2.384412
1.909208 -2.078513
1.497352 -0.603569
1.496915 -0.604637
1.886879 -2.047336
1.943227 -2.126077
1.915339 -2.027843
2.315856 -1.977891
1.693939 -0.524584
1.728987 -0.583749
1.686436 -0.318811
-0.772487 3.183080
-0.744564 3.217012
1.664403 -2.222093
2.194434 -2.186974
1.188129 -0.165383
-0.785035 3.159738
1.832756 -1.945483
-1.949444 -1.380309
-0.745933 3.198852
-0.786780 3.171825
-0.769473 3.200675
-1.702640 4.686788
-0.438355 0.674369
-3.284473 -2.234855
0.812055 1.067676
-2.643168 -1.976005
-2.397566 -1.365726
-2.311728 3.829924
1.877259 -2.031340
1.258404 0.948455
-0.941526 0.413496
-2.970593 -1.882517
-2.391423 -1.079240
-2.375150 -1.369816
-1.810631 -2.848867
1.175652 -0.162922
1.881865 -1.996557
-2.328949 -1.833068
2.098242 -1.836496
-2.346706 -2.252555
-1.819428 -2.839575
-2.462941 -1.881218
0.006376 0.569657
-1.645317 -0.121929
-2.330351 -1.896252
-2.345438 -2.105053
-3.287671 -2.243841
1.875167 -2.009428
1.887724 -2.063324
-2.912735 -1.752653
1.846713 -0.222859
1.231635 1.105368
2.333728 -2.178391
-2.375399 -2.271616
-2.423226 -2.173850
-1.876646 -2.166975
2.095483 -2.284200
1.442264 0.237395
1.749402 -1.220484
1.753885 -1.215317
-1.596926 -0.240725
0.581125 0.540365
2.283142 -0.178204
1.666912 0.210790
1.702499 0.206876
1.899920 0.191837
-1.649445 -0.236963
1.319268 -0.810567
-1.359085 -0.046191
1.912396 -2.106131
-1.667072 -0.217393
-2.323390 -1.949450
-2.299925 -2.015224
1.228694 0.538621
-0.109213 0.472962
1.682450 0.276479
1.693610 0.259403
1.472606 0.166029
0.614610 0.803118
0.616396 0.859005
-2.287284 -1.908477
1.603350 0.368110
1.563833 0.364109
1.435081 0.095438
0.830989 0.598891
-2.323120 3.818854
-2.306680 3.838238
-2.316103 3.827158
-2.312588 3.832417
-2.325553 3.811399
-2.327488 3.807860
-2.316724 3.826010
-1.001410 0.270652
1.869753 0.941540
-1.130753 0.839505
1.490674 0.186947
1.903077 -0.186868
-0.915483 4.045389
1.932897 0.181668
-1.603625 0.119972
-2.573339 -2.419206
-1.636826 0.134204
1.298340 0.699031
2.362226 -2.320767
0.584420 0.733499
0.577955 0.758017
2.386778 1.635308
2.416004 1.688514
1.546343 0.266827
-1.059989 0.227092
-1.295236 1.333493
0.691939 0.074757
-0.674466 0.347796
2.376796 0.923211
2.322784 -1.996351
0.962627 0.180249
-1.300864 1.350707
-2.231460 -2.751324
-1.302226 1.348920
-0.273389 0.678984
-0.294531 0.724145
-2.476261 -2.327157
1.909832 -0.852379
1.319854 0.996385
1.662896 -0.011005
1.266706 -0.107553
-1.586771 0.094718
-1.669066 -0.085890
-1.584940 -0.014238
-1.718473 0.033864
-1.444036 -0.065320
-1.537683 -0.111790
-1.660522 0.032002
2.332873 -0.232167
0.246477 0.568017
2.459322 1.466786
2.453930 1.492486
1.634887 -0.231101
0.249999 0.461147
1.195100 -0.092257
1.457387 -0.398120
0.790065 0.268203
1.262993 1.033952
0.611909 0.498390
0.529588 0.474851
-1.080179 0.428750
0.534694 0.614700
0.854780 0.191921
0.850714 0.136931
0.549314 0.571475
1.699705 0.067403
1.340199 0.088503
1.626005 -0.375600
1.243590 -0.142213
1.918741 0.372220
2.514858 1.278924
2.577837 1.246356
-0.624220 0.346538
1.340471 -0.795023
1.218029 -0.120965
1.085265 -0.210254
1.897148 -1.604577
1.903616 -1.619217
1.591397 0.067879
1.413324 0.120426
1.741376 -1.559343
-1.056932 0.472317
1.270998 -0.655442
2.415113 1.317591
2.379463 1.404824
2.299825 1.505903
0.896604 0.752975
1.774246 1.087462
-1.344373 0.136820
-1.479954 0.175667
-1.508690 0.132970
-1.467601 0.008065
-1.548961 0.053812
-1.417423 -0.035100
-1.489014 -0.048276
1.398943 0.064899
-2.376335 -2.843117
-2.563132 -2.005135
-2.329694 -2.289240
-2.434720 -1.788898
-2.483899 -1.923510
1.243114 0.917592
1.214620 0.961111
1.384961 0.085465
2.281315 -0.129336
2.560823 1.469993
2.598256 1.513905
1.266558 0.154672
1.224657 0.199438
1.453094 0.079484
-2.325875 -1.818533
1.290338 -0.653026
1.216451 -0.118170
1.455788 0.181190
0.814189 0.266375
-1.947543 -1.374756
1.335446 -0.430222
0.649247 0.058873
0.910118 0.506870
0.954867 0.510519
1.594502 -0.219463
2.591867 1.333890
2.471027 1.502687
0.552220 0.613003
0.509234 0.622164
2.258777 -0.101946
2.595546 1.489338
0.967686 0.547567
1.739804 -1.819883
2.300117 1.469060
1.160563 1.438742
1.553107 -0.328389
2.161325 1.307480
2.567820 1.223154
1.395054 -0.035513
2.268554 1.458441
2.161449 1.247571
2.490680 1.482349
2.353134 -0.223265
1.270421 2.046429
2.305749 1.524480
2.206032 1.369151
2.464619 1.110246
2.228212 1.561503
1.516743 1.233245
2.167305 1.280335
1.784199 -1.283895
1.421334 -2.210496
1.688326 -2.038432
1.792313 -2.324409
1.850282 -2.270181
1.612588 -2.134679
1.338543 -0.438432
1.547548 -2.078718
1.697855 -2.337132
2.040263 -2.145689
1.523624 -0.561128
2.011376 -2.198960
2.301343 -2.006329
1.716776 -0.561512
1.303440 0.885543
2.119002 -1.784103
1.955357 -0.188724
1.215769 1.081442
2.246829 -0.121609
1.717847 0.229624
1.868701 0.234299
0.825338 0.609872
2.440360 -2.339955
2.408540 1.687939
1.564254 0.392313
1.324561 1.008155
2.363584 -0.258846
1.453906 -0.357305
1.268600 1.011867
0.629426 0.464170
0.513422 0.449508
0.522928 0.680369
1.762418 0.006027
1.632544 -0.383837
1.331607 -0.811281
1.887296 -1.638462
0.856306 0.749076
1.170073 0.973463
2.388654 -0.090646
1.252550 0.205356
1.246004 -0.696511
0.731478 0.241412
0.943893 0.464408
1.023822 0.576729
1.690480 0.062041
-0.724181 0.362249
2.597529 1.417460
-1.221198 0.277942
0.810561 0.198121
2.019286 0.746473
2.125443 0.865587
2.115393 0.796892
2.094532 0.985174
1.802519 0.926772
2.184789 1.296426
1.430201 -0.023470
1.911083 -2.630114
0.324259 0.373707
1.581556 0.328379
-1.012552 0.346762
2.577561 1.274218
-0.608227 0.428323
-0.649064 0.420885
1.334573 -0.040543
1.683844 0.289861
-0.713496 0.438591
2.482065 1.439738
2.172969 -0.456339
1.274517 2.000201
2.165501 1.586136
2.481645 1.348022
2.297848 1.534588
2.356021 0.887004
2.349032 1.628978
2.494193 1.307733
-0.944037 0.265400
-0.615353 0.425314
1.489637 1.079689
0.971080 0.844005
1.792013 -1.336994
-0.868844 0.316741
1.270739 -0.484646
2.549683 0.347341
1.395026 0.283657
-0.658202 0.452558
-0.647036 0.418181
-0.874294 0.366495
2.216186 1.378106
1.353935 0.623344
1.578577 -2.368105
1.743807 -0.337417
1.605265 -2.318228
-0.842467 0.352274
-0.735075 0.397015
1.901559 -0.219912
1.268056 1.128125
2.319158 -2.184920
1.755607 -1.204954
0.537225 0.554735
-0.615988 0.427079
1.206316 0.566132
0.576616 0.886059
-0.690443 0.412994
1.566226 0.405718
-0.969586 0.319583
-0.653498 0.374218
1.284827 0.732442
1.592391 0.328484
-0.953015 0.344563
0.674913 0.041729
-0.737647 0.335069
2.427489 0.993010
-0.646701 0.403313
-0.291467 0.710824
1.304687 0.998835
2.554716 1.552714
-0.671403 0.403653
-0.673205 0.382479
1.711730 -0.275282
-0.808287 0.365795
0.753760 0.319253
-0.645108 0.345084
-0.956119 0.348827
0.882832 0.117467
-0.640384 0.418946
1.652335 -0.368965
-0.629108 0.399675
2.572267 1.273927
-0.711536 0.339930
1.622414 0.041237
-0.861662 0.351859
2.510994 1.372799
2.468599 1.473074
2.296471 1.517031
1.163122 0.918542
2.587466 1.472409
0.747022 0.309243
-0.703617 0.487374
0.869152 0.539763
2.044763 0.771788
2.311166 1.197040
2.289122 1.237386
0.887055 0.703149
2.408982 1.171027
2.210524 0.443685
2.227873 1.500374
-1.167647 0.855713
2.273876 1.302925
1.158701 1.412504
-1.103617 0.834231
-1.112999 0.469702
1.928602 -2.672563
1.891652 -2.731118
-1.178157 0.460797
-1.142591 0.807337
-1.101988 0.778170
2.326925 1.256930
1.857616 -0.834455
-1.141623 0.768070
1.266412 2.047387
1.716904 -1.281699
2.266894 1.432329
2.533588 1.253608
2.337506 0.891964
1.683163 -1.285237
2.263996 1.557715
-1.056829 0.495764
1.551873 1.271870
2.005876 1.021556
1.514002 -0.660738
2.241868 -1.974080
-1.132642 0.535920
1.265491 -0.467494
-1.120410 0.789408
-1.133865 0.825588
-1.172931 0.831558
-1.152751 0.794905
1.598297 -2.069224
1.161051 -0.562280
1.820893 -2.031880
1.949698 -2.262603
1.577434 -2.371836
1.974029 -2.149247
2.196874 -2.197693
-1.073502 0.739047
0.828394 1.070914
-1.105905 0.529736
2.091779 -1.805138
-0.845137 0.275224
-1.182820 0.729102
-1.141904 0.820294
2.331699 -2.164302
2.160869 -2.341580
1.697828 0.204159
1.951192 0.170198
-1.148045 0.765965
1.733171 0.280160
0.616585 0.857569
-1.174128 0.835129
2.376280 -2.328133
2.403533 1.682581
-1.030484 0.307610
0.923488 0.229722
-1.139026 0.798224
1.675142 0.072620
-0.974920 0.545287
-1.122158 0.811357
1.234196 1.031541
-1.148663 0.796122
0.448071 0.444100
-1.121777 0.573041
0.531337 0.564111
1.933038 0.398200
1.369374 -0.814787
-1.063633 0.510796
1.746163 1.076507
1.207086 0.224595
1.331428 -0.676526
0.938282 0.475985
1.569702 -0.262975
0.817864 1.085395
0.569496 0.720662
1.710269 -1.808046
1.724490 -1.267644
2.235697 -1.920722
1.590620 -2.019282
2.031535 -2.108034
1.838694 -1.899259
1.903823 -2.357669
1.608456 -1.976905
1.646103 -1.992319
1.620610 -2.227623
2.166369 -2.337143
1.904412 -1.596543
1.741728 -1.580073
-1.956591 -1.392553
-2.693480 -2.128894
-2.644073 -2.189938
-2.607889 -2.259336
-0.769651 3.202125
-2.264385 -2.629839
-2.601871 -2.178020
-1.739588 -0.044583
-2.637827 -2.171924
-2.612415 -1.969219
-2.291247 -2.109488
-2.386852 -1.995748
-2.496672 -1.783150
-2.269975 -2.289808
-2.299996 -2.073187
-2.287388 -2.016054
-2.334487 -2.109718
1.530369 0.170643
-2.277846 -2.252723
-2.402380 -1.746342
-0.758141 3.200246
-2.667138 -2.240375
-2.247015 -2.131840
-2.460299 -2.117952
-2.512678 -2.078450
-2.482109 -2.276942
-2.271387 -1.771209
-2.674411 -2.131483
-2.657003 -1.892833
-2.252647 -2.210171
-2.465761 -2.060559
-2.083084 -2.108585
-2.545653 -2.161129
-2.265669 -2.155099
-2.189406 -2.317419
-2.381288 -2.354495
-2.518527 -2.212179
-0.980507 4.054355
-2.537798 -2.229388
-2.890071 -2.120376
-2.461526 -2.104859
-2.502305 -2.071458
-2.354876 -2.203860
-2.554163 -2.184352
-2.531796 -2.116015
-2.302652 -2.240304
-2.598082 -1.935181
-2.532570 -2.194537
-0.770967 3.190926
-1.724412 -0.262344
-2.342114 -2.452820
-2.946999 -2.526672
-2.453334 -2.730343
-2.748355 -3.082393
-2.993682 -1.853323
-2.199081 -2.484321
1.691171 0.018002
-1.677427 0.297906
1.738279 -1.765916
-1.823451 -0.264051
-2.036184 -1.818546
-2.513500 -1.312852
-1.836728 -2.867909
-2.046002 -1.247079
-1.562338 0.020646
2.266207 1.461176
1.980253 0.408299
-0.732932 3.222227
1.967772 0.403048
-0.770244 3.217466
-1.496723 4.654381
-1.413810 4.809106
-1.480149 4.691085
-1.774927 4.952698
-1.465515 4.812836
-1.834674 4.890857
-1.565198 4.726357
-1.675391 4.888556
-1.846158 4.749897
-1.885243 4.619120
-1.722471 4.543287
-1.621147 4.566631
-1.481834 4.868556
-1.538403 4.562180
-1.648806 4.818295
-1.563740 4.918680
-1.512442 4.917087
-1.581300 4.739852
-1.612180 4.869478
-1.741849 4.819721
-1.516677 4.987428
-1.781485 4.744307
-1.423835 4.781540
-1.598761 4.493827
-1.575469 4.619794
-1.659582 4.616110
-1.777790 4.752748
-1.523734 4.639437
-1.620049 4.948966
-1.753027 4.745968
-1.666707 4.514595
-1.522140 4.898468
-1.563478 4.811482
-1.648153 4.806172
-1.673724 4.945164
-1.530356 4.914820
-1.472930 4.868988
-1.416033 4.744158
-1.658857 4.876467
-1.754568 4.693053
-1.735053 4.774722
-1.588275 4.615262
-1.717559 4.899639
-1.425977 4.741774
-1.378918 4.736370
-1.598691 4.694057
-1.721252 4.654204
-1.801165 4.690745
-1.596668 4.551288
-1.457568 4.784392
-1.862574 4.721580
-1.717577 4.554703
-1.465554 4.689195
-1.596272 4.890033
-1.595770 4.941638
-1.731831 4.907765
-1.815848 4.858248
-1.376002 4.760750
-1.603321 4.903719
-1.463331 4.564180
-1.736240 4.828694
-1.388451 4.730581
-1.830364 4.721982
-1.654525 4.617901
-2.401040 -2.924593
2.302709 1.295917
1.174696 1.376544
-1.639657 -0.201957
-0.514335 0.622472
1.461945 0.161400
-0.780488 3.182630
-0.793627 3.211669
1.570208 -0.249252
2.492095 1.367060
-2.056253 -1.826352
-1.009824 0.425186
0.801605 0.242975
-0.750765 3.226858
1.982176 0.729696
2.105612 0.844973
2.050322 0.724529
2.095080 0.956600
2.084021 0.993149
2.204077 1.301118
-0.755092 3.193384
-2.224937 -2.659586
1.533667 0.077750
1.914217 -2.624653
1.899066 -2.706118
0.327904 0.371129
-0.758591 3.174323
1.626202 0.281868
-1.224228 0.259317
-2.502022 -2.621178
1.200114 -0.121160
2.549092 1.257165
2.257710 1.256497
-2.567142 -2.553012
1.402390 0.015390
1.861473 -0.816168
1.655376 0.307816
2.265179 1.342625
-2.308418 3.833138
1.219291 -0.135101
-2.384459 -2.251348
1.489748 0.203663
2.190528 1.261714
2.459584 1.406200
2.316891 -0.184789
2.113448 -0.472394
1.277514 2.027375
1.260826 -0.126978
-2.877877 -2.472236
1.187983 -0.084265
-2.725531 -2.005591
-2.390867 -1.652299
-2.526707 -1.729323
-1.804134 -2.851568
-2.022296 -1.275929
2.211528 1.498976
2.478427 1.325114
-1.930708 -1.366304
1.713910 -1.239357
2.306103 1.466633
2.396828 1.226258
2.327935 0.885699
2.354481 1.582253
2.451149 1.318553
2.400403 1.149131
1.731276 -1.450540
2.276191 1.483033
-1.020008 0.268643
-1.592049 -0.163222
-1.804160 0.116027
-1.583476 0.168020
1.566812 1.260148
1.436284 0.132092
-1.524545 0.071585
2.038677 0.986710
2.268513 1.232635
1.212691 -0.088398
1.517578 1.061625
-1.968902 -1.390411
-2.490851 -2.603797
0.951347 0.816788
1.539977 -0.598969
1.782923 -1.325041
1.232551 -0.126781
2.288818 -1.979349
-0.466239 0.681206
-0.942961 4.070778
-0.909892 0.358669
1.257278 -0.460889
2.517009 0.353194
-1.634826 0.216118
-1.367814 -0.018026
-1.651120 0.165229
1.579847 -2.020397
-2.749648 -3.092816
1.467479 -2.177750
1.406982 0.140317
-0.073890 0.492480
-0.066714 0.480379
-0.882844 0.445754
-2.054681 -1.751154
-2.296525 -2.063614
1.719005 -2.057079
-0.085939 0.470903
1.801661 -2.291308
2.000475 -2.085347
-0.089635 0.469308
-0.149828 0.434566
-1.646457 -0.199688
2.240530 1.327265
1.440662 0.132282
1.790633 -1.965706
1.233393 -0.112852
1.383332 0.633035
1.901669 -2.245438
1.591326 -2.066105
-0.089032 0.466415
1.826294 -1.981094
1.901123 -2.267344
-1.724025 0.065914
1.845542 -2.048254
-1.672952 -0.045574
1.363349 -0.412506
1.116356 -0.144005
1.449716 0.097478
-1.458894 -0.075264
-1.712280 -0.057985
-1.543363 0.003101
1.199266 -0.507336
-1.394478 -0.097410
-1.471011 -0.076199
1.610008 -2.087344
1.761750 -1.948872
1.692174 -1.988290
1.738676 -2.282596
2.006202 -2.123365
1.802675 -1.975772
-2.162937 -2.539647
-1.064767 0.678137
1.964365 -2.251049
-2.349724 -2.253790
-2.349599 -2.268970
1.662413 -1.975257
-0.747193 3.222323
-0.788604 3.214733
-0.751302 3.195950
-1.474999 -0.000518
-0.085931 0.478530
-0.720934 3.242380
1.574996 -2.389315
1.528930 -0.516115
1.967630 -2.156842
2.255685 -1.987049
1.708790 -0.552129
1.697015 -0.293688
-0.816006 3.239691
1.638141 -2.201185
2.113264 -2.146223
1.257968 -0.105577
-0.759171 3.210721
-1.943186 -1.375941
-0.717116 3.153376
-0.811695 3.150465
-0.757393 3.198353
-0.507994 0.659518
-3.276324 -2.234933
0.818956 1.073328
-2.663941 -1.977475
-2.405421 -1.320064
1.266154 0.937815
-0.739632 0.442387
-2.938737 -1.869936
-2.410378 -1.086502
-2.375554 -1.376440
-1.818103 -2.844835
1.256909 -0.139232
1.882152 -2.045403
-2.372057 -1.805709
2.100577 -1.801116
-2.447199 -2.208841
-1.828439 -2.845082
-2.429454 -1.948537
-0.972122 0.234173
-1.712661 -0.099999
-2.359945 -1.828718
-2.318362 -2.066672
-3.289146 -2.242322
1.870541 -2.088239
-2.909896 -1.748630
1.885814 -0.170900
1.250455 1.085849
2.305098 -2.157591
-2.441109 -2.292507
-2.381804 -2.303269
-1.950508 -2.170750
2.185453 -2.334462
1.765958 -1.300145
-1.625326 -0.186222
0.557680 0.528925
2.223870 -0.121217
1.877790 -1.913724
1.678709 0.179839
1.894033 0.166053
-1.661729 -0.272379
-1.341705 -0.056415
-1.693067 -0.164673
-2.304829 -1.906983
-2.229247 -1.999869
1.244825 0.556060
-0.111361 0.458353
1.689639 0.271220
1.487850 0.074385
0.631024 0.776186
-2.276566 -1.924656
1.611494 0.395566
0.857728 0.547525
-0.978799 0.312926
-1.697666 0.187098
-0.794434 3.299508
-2.558657 -2.401807
-1.732136 0.072342
1.320934 0.708307
2.389062 -2.343078
0.593396 0.731694
2.371608 1.587885
1.604533 0.288577
-0.986478 0.264633
-1.294356 1.333894
-1.290777 1.321230
0.631264 0.061920
-0.606803 0.348121
-1.298975 1.340821
2.377004 0.958957
0.971232 0.218456
-1.301883 1.348909
-2.285225 -2.711749
-1.304983 1.357952
-0.316313 0.681123
-2.486153 -2.269133
1.308327 0.975030
1.673836 0.072925
1.439152 0.117700
-1.592354 0.203516
-1.664818 -0.065245
-1.554018 0.023249
-1.730603 0.071962
-1.378557 0.036814
-1.586896 -0.170770
-1.733252 0.002423
2.308802 -0.263472
-0.799165 0.624922
2.455473 1.423955
1.636362 -0.285085
0.084990 0.422547
1.444307 -0.311284
0.738871 0.327725
1.274375 1.012665
0.626480 0.503758
0.544651 0.474059
-1.024660 0.375319
0.572176 0.596642
0.864502 0.136290
1.466680 0.122738
0.541999 0.594638
1.690860 -0.060079
1.627486 -0.346751
1.260313 -0.168288
1.940127 0.409675
2.496912 1.246904
0.027127 0.440340
1.351402 -0.780312
1.391081 0.149889
1.297398 0.096124
1.263582 -0.102951
1.892994 -1.628714
1.638805 0.024823
1.420988 0.139425
1.749977 -1.565276
-1.030305 0.561177
2.472929 1.361158
2.403817 1.419052
2.233771 1.507736
0.834401 0.695602
1.752993 1.064730
-1.418003 0.147804
-1.559830 0.133845
-1.520410 0.140227
-1.389935 0.050119
-1.505929 0.062693
-1.459586 -0.051310
-1.454662 -0.068321
1.549778 0.197571
-2.451705 -2.958440
-2.621013 -1.951676
-2.265229 -2.385830
-2.457989 -1.700359
-1.295292 1.329695
-2.523388 -1.856685
1.232016 0.939018
1.201184 0.947187
1.233721 -0.123690
2.230158 -0.115351
2.552521 1.444422
1.294965 0.207177
-2.362427 -1.994921
1.312807 -0.670564
0.725637 0.271010
-1.945994 -1.376568
0.972634 0.472313
1.580302 -0.240642
-1.304468 1.344249
2.070291 0.854447
2.370165 1.425275
2.291904 1.341019
1.199671 -0.100200
1.226866 -0.108896
0.947107 0.679385
-1.280543 1.315281
2.393299 1.254398
2.132406 0.458639
0.888232 0.553170
-2.745381 -3.068735
-2.488004 -2.629143
-2.108034 -1.903192
1.408677 0.107941
-2.271361 -2.495526
1.248258 -0.088711
-2.473802 -1.965201
-0.798775 3.166735
-1.309082 1.360072
2.067376 0.821233
2.340408 1.314714
1.467216 0.151043
2.265455 1.317458
1.431410 0.146862
1.503901 0.050774
0.817782 0.671865
-1.294646 1.333096
2.323210 1.227988
2.140172 0.474236
0.995749 0.536265
-2.735444 -3.075862
1.917569 -2.066273
-2.463322 -2.733501
1.232459 -0.726649
-2.393299 -1.974868
1.247083 -0.125060
-2.256852 -2.398471
1.222530 -0.144797
-2.345770 -1.865874
-0.796380 3.174698
-1.866909 -2.179079
-2.325133 3.814731
