207 2
-1.732338 -2.163888
-1.731882 -2.206912
-1.692782 -2.018983
-1.724371 -2.180600
-1.689124 -1.734939
-1.729614 -1.673820
-1.530109 -2.023655
-1.422781 -1.119450
-1.472698 -1.193933
-1.971191 -1.324794
-1.470381 -1.475552
-1.000238 -0.844291
-1.712398 -1.511831
-1.508418 -1.052140
-2.141811 -1.100877
-1.376137 -0.870288
-1.900348 -0.989707
-1.877928 -1.099178
-1.389144 -0.949468
-1.289942 -1.146567
-1.878744 -1.437678
-0.873666 -0.708252
-1.841720 -1.350153
-0.968228 -0.702556
-0.943830 -0.720402
-1.336094 -1.576790
-1.379544 -1.553024
-1.560250 -0.978946
-1.254238 -1.409416
-1.564678 -0.931203
-1.491142 -1.381302
-2.210056 -2.067253
-1.207369 -1.161965
-1.032649 -0.890000
-1.222220 -0.682797
-0.286020 -0.614943
-0.104445 -0.577984
-0.420421 -0.579005
-1.661718 -1.400605
-2.387147 -1.595573
-1.728938 -0.408761
-1.947811 -1.188238
-2.355251 -0.861577
-1.867194 -1.107225
-1.905411 -0.917723
-1.860107 -1.161530
-2.073978 -0.941605
-1.567769 -0.680710
-1.909544 -1.448282
-1.899418 -1.637587
-1.087366 -0.473045
-0.899578 -0.834896
-1.350359 -0.550793
-1.390378 -1.880400
-1.490029 -1.039816
-1.614954 -0.830712
-1.250024 -1.414696
-1.293474 -1.848143
-1.437046 -0.954976
-1.727382 -0.811883
-0.150791 -0.098328
-0.173561 -0.155268
-0.254499 -0.706043
-0.265372 -0.655739
-0.125210 -1.158236
-0.132685 -1.255983
-0.069685 -0.853564
-0.255488 -0.400603
-0.261857 0.193849
-0.348050 -0.050861
0.212921 -0.617020
-0.347344 -0.562922
-0.461495 -0.521848
-0.568383 -0.782768
0.380853 -0.669133
0.389071 -0.170048
-0.172805 -0.021132
-0.132911 -0.062577
-0.147311 -0.086265
-0.115742 -0.040035
-0.297859 -0.799717
-0.113906 -1.287146
-0.080237 -1.235625
-0.084671 -1.282184
-0.097289 -1.238312
-0.024197 -0.856409
-0.003533 -0.976034
0.042076 -0.832258
-0.011747 -0.911627
-0.015070 -0.911090
-0.275287 -0.377021
-0.231510 -0.327712
-0.335299 0.145204
0.070534 1.674710
-0.109470 1.144707
-0.550164 0.029258
0.275245 -0.603256
0.332399 -0.606236
0.496431 -0.697212
0.384102 -0.564022
0.472652 -0.733674
-0.346887 -0.600955
-0.668540 -0.941252
-0.594444 -0.909885
0.423914 -0.681298
0.516479 -0.730037
0.304543 -0.237671
1.437770 0.103975
0.442824 -0.081707
0.435583 -0.148646
0.425790 -0.158038
0.376316 -0.171770
-1.859272 -0.763607
-1.715575 -0.696474
-1.318865 -1.949071
-1.627585 -0.663441
-1.370523 -0.542640
-2.138227 -0.959522
-2.422370 -0.768316
-2.599787 -0.763874
-2.564868 -0.781290
-2.393954 -1.564803
-2.483500 -1.637735
-2.458420 -1.596696
-1.287506 -1.260725
-1.335832 -1.235078
-2.680412 -1.899557
-2.633868 -1.859473
-1.214034 -0.678816
-2.239144 -2.099877
-2.725451 -2.036480
-2.712749 -2.040723
-2.290867 -2.149037
-2.272998 -2.149623
-1.754033 -0.359716
-1.790524 -0.319700
-1.787614 -0.313944
-1.955440 -1.636910
-1.150343 -0.384144
0.093508 1.957283
0.087804 1.964442
-0.141949 0.357765
0.004614 1.280715
0.066685 1.355439
-0.147825 1.432457
-0.082711 1.281374
0.158608 1.721380
0.197240 1.689535
0.051913 1.745076
0.067670 1.822810
0.095081 1.713050
0.065429 1.598670
0.185100 1.736250
0.022858 1.753219
0.053499 1.633932
0.086445 1.735668
1.413500 0.132700
1.491696 0.191704
1.487359 0.084585
1.572815 0.360535
1.479427 0.188470
1.471374 0.147534
1.562230 0.037434
1.478547 0.171118
1.478450 0.118240
1.425312 0.139209
1.494374 0.172857
1.463362 0.086937
1.480008 0.188071
1.378885 0.031552
1.418243 0.083131
1.504430 0.225949
1.497490 0.199534
1.463320 0.170506
1.560531 0.264048
1.460266 0.166601
-2.637841 -0.757254
-2.705447 -1.930950
-2.810936 -2.009017
-2.727660 -1.995848
0.107699 1.671586
0.098661 1.717645
0.037690 1.649711
-0.039482 1.459245
0.096321 1.683213
0.080141 1.698168
-0.029402 1.597574
0.247035 1.837728
0.026098 1.749711
0.088467 1.703557
0.071311 1.726220
0.185604 1.744334
0.112982 1.741681
0.032808 1.785651
-0.046563 1.635106
0.116617 1.638451
0.130828 1.672550
0.209882 1.710648
0.176123 1.722973
0.064367 1.719183
0.090282 2.100126
-0.096447 0.404215
-0.042565 0.521514
0.030094 1.293543
0.081713 1.350575
-0.148937 1.478153
-0.126222 1.254147
