2354 2
0.300614 -0.544618
-1.307596 -0.422392
0.025932 2.172577
-3.765591 -0.280314
-3.113362 -0.239168
0.119764 2.662042
-0.824561 -2.301864
3.890523 2.620791
1.622421 -2.999486
-3.491643 -0.242656
4.203715 3.119170
4.188974 3.107197
-3.658021 -0.440731
4.176943 3.027020
-3.679217 -0.089207
3.899544 3.146999
4.046717 2.583174
-0.251470 2.612274
-0.065874 2.181719
-0.243130 2.508582
-0.255165 2.682832
0.040941 1.929062
-0.159655 2.628052
-0.502983 1.998177
1.277305 -0.192151
0.499958 0.628534
-3.359837 -0.465950
0.089280 -0.530756
-0.235852 0.076949
0.758776 -0.699061
-0.011472 1.633821
0.563126 1.361354
1.049672 0.518497
0.086629 1.744699
-0.523015 1.967995
-0.074992 1.522241
-0.196465 1.627928
-0.141977 1.697367
0.694216 1.630193
-0.197033 1.588582
-0.645519 -0.228157
0.694576 0.394136
1.068449 0.323523
0.770326 0.182741
0.213524 1.178165
-0.252260 1.643593
-0.323527 1.462581
-0.052104 1.751824
-0.431859 1.616899
-0.189646 0.967342
-0.134059 1.695693
-0.435233 1.635603
-0.178897 1.576969
-0.261352 1.672141
0.346599 0.934964
-0.225874 1.601349
-0.634794 -0.948520
0.057816 0.654357
-0.814966 -1.544623
-0.324854 1.531044
-0.672489 -1.541234
-0.426774 -1.183448
-1.642970 -0.713853
-0.701160 -0.336870
0.727990 -0.376300
0.392288 0.274014
-0.513960 -1.660388
1.144644 -0.238202
-0.832811 -0.803144
0.442120 -0.251779
-0.300538 -0.117068
-3.245447 -0.325208
-2.831353 -0.290926
1.234587 -0.209915
-0.664524 -0.217239
-3.382619 -0.553552
-0.467926 -0.343656
-3.126135 -0.254613
-2.614124 -0.322746
-3.213863 -0.338286
-3.242539 -0.391999
-0.829721 -0.001047
-0.737962 -0.717844
-0.195301 -1.861853
-0.236023 -1.494166
0.148832 -1.147755
-0.467158 -2.426957
-0.669566 -1.546154
-0.989971 -0.103076
-0.735459 -1.129315
-1.824535 -1.413343
-0.571972 -1.316803
0.088074 -0.774920
0.906896 -1.476284
-0.334711 -1.524825
-0.510734 -0.222461
-0.115076 -2.492936
-0.081674 -1.093855
-0.705309 -1.439682
-0.739801 -2.677589
0.016177 -0.731140
-0.771197 -2.209589
-0.127654 -2.115467
0.004945 -2.201342
0.288329 -1.640677
-0.156203 -0.944721
0.037661 -0.970310
-0.368666 -1.309758
-0.314177 -2.508780
-0.314275 -0.824273
-0.492582 -2.172105
-0.787896 -1.914448
0.427103 -1.009039
-0.159940 -1.591932
-0.290238 -0.794313
0.158611 -1.910753
-0.495307 -2.006823
-0.718027 -0.973164
3.789050 2.426896
3.751201 2.553989
4.104664 2.907282
4.349489 2.564214
4.196663 2.614700
-3.569484 0.147499
-3.275409 -0.591068
-3.492950 -0.542625
-3.528677 -0.531530
-3.579737 -0.581539
-3.790708 -0.278428
-3.519693 -0.519488
-3.569499 -0.326751
-3.486001 -0.441299
4.181386 2.447687
4.092613 2.405997
-1.249619 -2.267826
-1.229436 -2.243880
3.783014 2.991726
3.717451 2.675111
-3.244148 -0.261290
-3.707206 -0.339842
3.607893 2.861142
3.694199 3.039412
3.700627 2.998376
3.712754 2.960891
4.054641 2.823548
3.633337 3.098801
3.888203 2.981419
3.837038 3.170364
3.689564 3.106520
3.705743 3.061179
3.645413 3.060950
3.718428 3.015913
3.755115 3.030979
3.802186 2.954533
-3.159423 -0.379236
-3.348680 -0.032920
-3.697419 -0.098106
-3.401322 -0.019780
-0.970422 -0.769757
-0.677380 -1.062318
-3.643985 -0.406990
-3.462771 -0.263405
-3.630439 -0.085354
-3.302860 -0.132446
-3.721472 -0.143630
-3.254940 -0.242675
-3.240461 -0.476047
-3.634939 -0.208879
-3.634118 -0.261018
-3.372260 -0.311904
-3.489615 -0.411466
-3.468771 -0.155503
-3.457464 -0.427858
-3.658045 -0.226584
-3.689526 -0.305468
-3.685602 -0.510979
-3.616987 -0.163130
-3.279544 -0.309059
4.308670 2.611542
3.963564 2.650531
3.911594 2.643129
4.059407 2.526162
3.867927 2.448054
3.854367 2.607455
4.042859 2.633681
-3.736674 -0.400801
-3.230203 -0.108851
3.980920 2.661036
4.018523 2.445998
4.093516 2.555416
-3.772167 -0.133739
-3.418285 0.014509
-3.329406 -0.280295
-3.347898 -0.053150
-0.439315 -0.108875
-1.397438 -1.509928
-0.424748 -2.420205
1.609705 -2.864210
1.627040 -2.926943
1.625088 -2.661887
2.000537 -2.799311
2.066929 -2.874634
1.638939 -2.867764
1.936081 -2.571962
1.762958 -2.979545
1.632583 -2.996064
2.034877 -2.783556
1.995124 -2.789591
1.667601 -2.575165
1.837875 -2.527964
1.952208 -3.011307
2.033008 -2.764063
1.805321 -2.512455
1.964546 -2.896891
2.108951 -2.907249
1.737769 -2.520749
1.856319 -3.118356
1.635902 -2.902788
1.587418 -2.730273
1.777675 -3.073233
1.912834 -3.060829
1.925726 -2.737666
1.700256 -2.893707
1.798180 -2.937457
1.905401 -2.933146
2.084691 -2.592899
1.633678 -3.076719
1.626393 -2.876419
1.915455 -2.888272
1.653493 -2.630600
1.719930 -3.111116
1.789581 -3.000077
2.085474 -2.869417
1.794236 -2.941054
1.728565 -2.910786
2.021371 -2.555964
1.940194 -2.915984
2.189061 -2.868791
1.846849 -2.573530
1.765999 -2.776078
1.912131 -2.840090
4.132499 2.549552
-0.722414 1.799412
-0.614574 1.820610
-0.617261 1.795863
-0.639943 1.790842
-0.754360 1.851333
-0.717263 1.900898
-0.676495 1.867277
-0.743302 1.909337
-0.597549 1.802848
-0.610130 1.852327
-0.567943 1.817888
-0.363455 1.874061
-0.810980 2.025417
-0.705831 2.052320
-0.717371 1.976705
-0.805792 2.020875
2.025353 -2.788763
1.850598 -2.604254
1.559237 -2.782597
-0.355667 -0.383734
0.365505 -0.555026
-0.963967 -0.767835
-0.755126 -0.462245
-0.547084 -1.509086
-0.665120 -0.532776
-0.285570 -0.281080
-0.529210 -0.492415
-0.466300 0.003731
-1.544309 0.032702
-1.266011 -0.473150
-0.176070 -0.380306
-0.292249 -1.536645
-0.930860 -0.204548
0.486738 -1.374132
-0.639447 -1.483960
-1.707378 -1.011563
-0.080908 -0.184090
-1.248221 -1.757151
-0.534764 -1.270750
-0.227454 0.023700
-0.706209 -0.025893
-1.351257 -1.490178
-0.608870 -1.573155
-0.447757 -1.623156
-0.145276 -1.438706
-0.084101 -0.422594
-0.329143 -0.574630
-0.621164 0.048492
-1.388408 0.358638
1.082594 -0.670639
0.209310 -0.348773
1.379072 -0.540036
1.254657 -1.143570
-1.153950 -2.155387
3.911586 3.162800
4.170941 3.019749
-1.402339 -0.042774
4.047711 2.471339
3.757885 2.523569
-1.162508 -0.482762
-3.702921 -0.296083
-3.863278 -0.197951
4.332901 2.568516
-0.724426 -1.362579
0.406130 -1.177624
-0.793257 -1.233397
0.387929 -0.910231
-0.129897 2.620165
-3.632094 -0.083879
3.795611 2.418116
3.919463 2.576374
4.020494 2.728932
3.750144 2.538818
3.981102 2.559538
-3.570625 -0.092456
-3.581145 -0.002724
-3.875524 -0.229932
-3.649254 -0.414907
-3.504130 -0.045250
4.138543 2.993466
0.336610 1.849517
0.276548 1.874112
0.277621 1.827308
-0.636805 1.911656
-0.605813 1.862992
-0.612942 1.922611
-0.579787 1.993623
-0.575154 1.980105
-0.409475 2.054745
-0.535911 1.957288
0.133278 1.975419
-0.833874 2.183401
-0.765952 2.131958
3.769465 2.981454
-0.650151 1.789895
-0.234312 -0.849769
-0.069949 -0.384248
3.814576 2.470868
3.904210 2.435240
4.316700 2.541035
-0.855076 -1.278192
0.042602 2.504723
0.136484 2.461441
0.058187 2.437031
0.086223 2.624294
-0.057639 2.443663
-0.050844 2.422287
-0.003847 2.414103
0.115594 2.383746
-0.012948 2.480224
-0.192579 1.744029
-0.008421 2.470715
-0.116725 2.431027
-0.108967 2.513776
0.083658 2.504442
0.052563 1.991676
1.582015 -2.654654
1.973449 -2.714731
1.806100 -2.574196
2.121401 -2.564163
-0.255595 2.746135
-0.216210 1.909797
-0.250878 2.652858
-0.135551 2.840838
-0.127050 1.870743
-0.275786 2.762062
0.078379 1.937417
-0.394196 2.598683
-0.299362 2.692779
1.940207 -2.728610
2.092977 -2.671235
1.627033 -2.955101
-0.466201 2.456780
-0.484080 2.406114
-0.411424 2.467614
-0.429022 2.414606
0.091620 2.617126
0.048623 2.594039
0.080207 2.422378
0.063215 2.600489
0.072672 2.705975
1.985588 -2.712387
-1.196845 -0.961363
-1.719963 -1.004356
-0.926912 -0.209030
-0.942702 -1.180429
-1.106327 -1.062443
0.096766 2.675208
4.108579 2.426897
-0.546340 -1.340063
-3.566731 -0.542641
4.154084 3.022928
-0.326920 -2.494966
3.817005 2.457600
3.787428 2.987541
-1.083970 -0.900225
0.936109 0.261804
-0.661673 -0.548543
-3.426882 -0.061477
0.444810 -1.331553
-0.498367 0.201711
-1.255144 -2.276681
-0.689041 1.897864
-0.103361 2.585247
-0.025477 -0.595138
0.818335 0.233234
0.444939 -0.514118
-0.503734 0.199613
0.171322 -0.673452
-1.300168 -0.811028
0.314261 -1.022357
0.301249 -1.098340
0.458042 -0.489390
-1.284175 -0.787993
0.844992 0.260058
3.906021 3.145116
4.241720 2.558808
-0.493619 0.219499
1.762357 -2.783024
4.083701 2.561985
3.765581 2.986112
4.167116 3.032887
-1.158544 -2.163126
3.906567 2.541349
-0.435261 -1.428910
-3.445902 -0.228190
-0.201801 1.961368
4.298853 2.601222
-3.494764 -0.317729
-0.488722 -1.401376
-0.186708 1.945856
-3.521700 -0.041712
-0.216241 0.005957
-0.320406 -0.775055
0.126432 -0.675566
1.141131 -0.671689
-0.281652 2.153536
4.294732 2.611732
-0.069623 -2.551977
0.445990 0.307556
0.538440 -1.387944
-0.629229 -1.046107
-0.530798 -2.213063
1.259545 -0.206111
-0.150398 1.944961
-1.657267 -0.702600
0.138055 -0.459148
3.901076 3.095659
4.000674 2.731928
4.072800 2.893178
3.688142 3.048464
0.414321 0.294918
0.036742 -0.796999
-0.370634 2.120926
-0.747513 2.012712
3.775150 3.000194
0.583484 1.360857
-0.762207 1.819969
-0.393332 -0.667436
-1.281581 -0.454839
-0.544482 -1.580938
-0.096447 1.745846
0.913367 -1.455657
3.955330 2.639798
-0.248526 2.750908
-0.268653 -0.381378
-1.591679 0.049717
-0.030666 -0.804286
-0.824713 -1.562871
-0.084973 -2.582039
-0.816391 -0.755498
1.285512 -1.161675
0.644050 -0.405548
0.771207 0.239273
-0.294406 -2.573637
-0.109770 -2.166811
-0.669515 -0.414781
-0.050608 1.668613
2.133251 -2.558583
-0.162666 -0.837060
-0.711545 -2.660746
-1.723798 -1.010202
0.065569 -1.011271
0.059052 0.667072
-0.863195 2.033010
-0.525281 -2.058575
-0.117254 2.192742
1.247930 -0.213730
-0.192142 0.964129
-0.664386 -0.074467
3.915635 2.859514
-0.679205 -0.498622
-0.233151 2.637070
-0.502444 -0.745666
-1.569584 0.059975
-0.477072 2.524148
0.753384 -0.354772
-0.392697 -1.204948
-0.621159 -0.821772
-0.524637 -1.211940
-1.392070 -1.498066
1.053930 0.546512
-3.654554 -0.337017
-0.481946 -0.174323
-0.493708 1.879774
0.208412 1.166515
-0.133461 -0.467996
-0.274908 -1.147344
-0.631974 -1.538150
-0.575784 -1.460218
-1.330387 -0.554279
-1.323916 -0.611560
-0.044577 -0.876692
-3.566391 -0.362990
-0.109355 -0.205700
0.508813 -1.406824
-1.397168 -1.498385
-3.361196 -0.458276
-1.087639 -0.749353
-0.487671 0.162523
-0.245831 -1.433581
0.021043 -0.776092
2.060008 -2.673097
0.097427 2.755910
-3.314853 -0.257909
-3.599093 0.160983
0.063094 -0.780412
0.045344 1.691314
0.004227 1.873014
-1.582860 0.052262
-0.245323 -0.522497
1.096021 0.320982
-0.665692 -0.380840
-0.217182 -0.733871
3.658966 2.870641
-0.450859 0.058436
-0.753358 -2.688774
-0.090271 -0.802858
-0.234566 -0.709861
1.464464 -0.513704
-0.592038 -1.478628
-0.438010 -0.141675
-1.278563 -0.447083
-0.519862 2.396249
-0.286289 -0.456879
-0.442207 1.926596
-0.311017 2.177476
-0.310749 -0.698311
0.314235 -0.520804
0.707902 1.639377
-1.878315 -1.422215
-1.433788 0.393309
-0.629477 -1.422775
-0.593323 -0.017917
1.288736 -1.163155
-0.234209 -1.161761
0.472705 -1.025219
-0.083911 2.134637
-1.562626 0.065979
-0.350414 -0.536776
1.425997 -0.537992
-1.294764 0.262274
-0.955625 -0.127167
0.758048 -0.701359
-0.367407 -1.102812
1.172209 -0.676245
-0.081725 -2.537483
-0.166735 2.225480
-0.650696 -0.964149
-0.041529 -0.363203
-0.266491 -0.187083
-0.387851 1.826211
-0.133881 2.832111
0.336612 -1.642128
-0.111688 -1.397349
0.226735 -0.985311
0.087710 -0.689143
-0.421416 -1.570548
4.040412 2.608339
-0.479466 2.423449
-3.364659 -0.142414
1.447958 -0.547960
-0.605292 -0.557813
1.727229 -2.484901
-0.808759 1.884051
-0.188098 -0.373734
-1.842774 -1.428517
-0.111736 -0.547110
1.086541 -0.262065
-0.120822 -2.657443
0.023575 -2.223791
-3.184745 -0.336237
0.252748 -1.117664
-0.430554 -0.068130
-0.454030 -2.407653
-3.524634 -0.483986
-3.853086 -0.235782
0.207232 2.442615
0.011555 -2.231436
3.992226 2.573901
0.570033 1.330167
0.739575 -0.370777
1.305132 -1.162184
0.480990 -1.349709
-0.841995 -0.722219
1.006541 -0.683040
-0.304629 1.542769
0.810829 0.225232
-1.704590 -1.014693
-0.061510 2.493385
-0.468774 -1.617999
0.103036 1.157110
0.207250 2.521521
-0.346618 1.835845
0.033982 0.690859
1.161812 -0.549157
1.747585 -2.860012
-0.243376 2.237479
0.443955 -1.742612
1.857455 -3.074013
-0.705655 1.801631
1.895168 -2.635128
-0.324934 2.184909
-0.286085 1.469538
-0.137448 -0.278982
1.446825 -2.526456
-1.264723 -1.767011
-0.268966 -0.318327
-0.488893 -2.172921
1.249737 -0.206575
-0.651526 -1.646100
1.647917 -3.086802
-0.418210 -1.561584
0.114912 -0.974007
1.095290 -1.093662
-3.367541 -0.421464
-0.026853 0.892476
-3.584659 -0.349974
1.059388 0.523700
1.426763 -0.542102
-0.758147 -2.702527
-0.337416 -1.407825
-0.465369 2.507334
0.779723 -0.370480
-0.076845 -0.168778
0.723207 0.412548
0.572249 -1.425799
0.408553 -0.525712
-0.192748 2.440811
-1.050490 -0.817176
3.944912 2.647423
-0.112670 -1.081752
2.029787 -2.864201
-0.435939 -1.377882
-3.313635 -0.181460
-0.002813 2.509936
4.194478 3.113392
-3.360820 -0.455837
-0.437289 1.981742
-0.515717 1.994735
-1.190320 -0.967159
0.423896 -0.615719
-0.197956 -0.906211
0.431553 0.316751
-0.714379 1.740485
-1.272758 -1.754240
1.810443 -2.662208
1.066972 0.550716
-0.033277 1.933766
-0.814031 -0.719824
-0.524609 -2.087020
-1.440052 0.394929
-0.791759 -1.914261
-0.040083 -0.899849
-0.669804 -1.306670
1.131883 -0.664072
-0.201054 -1.573678
-0.600739 -1.488012
0.110727 2.686235
-0.215555 -0.490473
-0.449562 -2.439682
0.929780 -1.455782
1.109725 -0.679111
-0.251461 -0.396431
-0.948933 -0.336233
-3.369382 -0.482597
0.111839 2.483638
0.886077 0.321906
-0.002634 2.447562
-0.246582 2.687935
-0.885088 -1.188220
-0.056231 -0.686625
1.418491 -0.545458
-0.801861 -2.250119
-3.400139 -0.074074
-0.512839 2.449908
-0.486577 -2.366659
-0.308716 -1.675179
0.909577 -1.481215
-3.522162 -0.458652
1.910823 -2.911538
-0.723391 -0.784388
-0.323420 -0.964972
-0.182945 -1.241333
-1.599812 0.061207
0.009907 1.444144
1.981263 -2.690867
0.009151 2.163938
0.350431 0.934595
4.129094 2.994774
-0.538543 -1.740744
3.876119 2.672799
-0.012965 -0.806647
1.093703 0.295373
0.059560 -0.788194
-0.087901 2.563269
0.215824 2.388438
-0.163254 2.615818
0.417300 0.312986
4.018201 2.820021
-1.377991 -1.507214
-0.290654 -2.558999
-0.419673 -1.629025
-0.849757 -1.353053
-1.295526 -0.434615
-0.467406 -2.447251
-0.053979 -0.883736
-1.847947 -1.417629
-0.263287 -1.412821
1.096893 0.325948
0.348679 -1.648704
-0.308074 2.830393
-1.563642 0.054235
-0.380710 -1.483145
-0.866459 -0.466923
0.392438 0.321630
-0.021551 -0.931283
-0.469196 2.430751
-3.193864 -0.247517
0.586925 1.349949
-0.689933 -0.576767
-0.421263 -1.656629
1.900687 -2.686189
0.718791 1.636293
0.447402 -0.254856
0.374775 1.882638
-3.613781 -0.268087
1.883141 -2.970718
-0.253210 -1.612474
1.810702 -2.875500
1.751240 -2.990438
-0.126926 -0.322181
-0.686879 -0.507709
-0.338730 -0.652624
-0.464289 -1.661455
0.506676 -1.049347
1.420619 -0.552004
0.375269 -0.513054
-1.430071 0.392714
-0.782998 -0.313183
-0.410287 1.898510
-0.353693 -0.248786
1.068963 0.517041
0.715482 1.638803
0.095740 -0.659248
1.678732 -2.851297
3.887832 2.473012
-0.818028 -0.747604
2.027723 -2.559832
0.106265 -0.750887
-0.038404 2.152374
-0.450575 -2.445235
-0.295840 2.127956
0.233503 2.520600
-0.207446 0.972446
0.085527 2.555335
-1.001013 -0.741846
-0.573116 -1.231824
-0.167021 -0.873573
0.733952 -0.349933
-0.068187 -0.794982
-0.097059 2.177997
-1.558483 0.048653
-0.530364 -2.208511
-0.095085 -2.173671
0.391350 0.296249
0.128325 1.791670
-3.661526 -0.232255
-0.233596 2.264452
-0.140406 2.299392
-0.809266 -2.272937
2.036617 -2.830059
-0.676573 1.976394
0.022187 1.874845
3.916754 2.563609
-0.071309 2.528997
2.083545 -2.908809
0.406450 -1.729600
-0.263193 -0.855341
-1.718456 -1.341268
0.058769 0.663494
-0.022615 0.720922
-0.102287 -0.819163
-1.246775 -0.823875
-1.273178 -0.821291
-0.095510 -2.182127
-0.185677 1.728643
-1.080245 -1.047719
1.290781 -1.163113
0.729966 -0.363540
-0.198975 -0.472104
-0.089755 -2.177842
-0.600581 -0.454605
-0.839844 -0.895736
1.239509 -0.213477
-1.279112 -1.753418
0.243975 1.130294
-3.304707 -0.281462
-1.707512 -1.011708
3.809216 2.942956
-1.423942 -1.501372
1.134189 0.309351
-0.203237 0.997759
-0.768143 2.047448
-0.514631 -2.120852
-0.338762 1.918436
0.688533 0.425450
1.911095 -2.709690
-1.428347 0.385898
1.147927 -0.678966
1.844220 -2.773239
-3.364109 -0.326348
1.648765 -2.690403
-1.256432 -1.798581
-0.648962 -0.245370
4.290970 2.602944
1.813515 -2.872710
-0.447403 2.688365
-2.356840 -0.338582
-0.025271 -0.788448
0.299546 1.832278
4.329852 2.565123
-0.160227 1.746312
-0.292270 -1.435445
0.235216 2.681097
-0.167857 1.937923
-0.293384 -0.411798
1.635210 -3.014811
-0.203795 2.207553
-0.732166 -0.477943
-0.309030 -2.576159
-0.450482 -0.000000
0.358783 0.959205
-0.468927 -0.108365
-0.729677 -0.940811
0.076729 2.626990
1.875512 -2.874577
-0.810161 -2.231609
-1.885534 -1.410261
1.223952 -0.195807
3.805344 2.952428
-0.131548 2.487838
0.396128 1.886780
-0.618408 2.003661
3.798114 2.983142
-0.253388 -0.459828
3.815293 2.489994
0.227453 -0.580445
-0.281910 -0.298605
-0.675350 -0.616422
0.366553 0.916974
-0.401764 -0.849185
-0.083126 -2.534084
1.256589 -0.206285
4.129183 3.004828
-0.306325 -2.564490
-0.296901 2.117174
1.139428 -0.708723
-0.365199 -0.831018
-0.382289 -1.299014
1.806808 -2.670449
-0.486500 -2.171041
0.752016 1.650955
-0.085070 1.998241
-0.116884 -0.910360
0.351176 0.931957
-0.451316 -0.157895
1.307414 -1.165757
-0.322702 -0.605254
1.420791 -0.520483
0.423671 0.300349
-0.239149 -0.595733
-0.472911 -1.264829
-0.724766 -2.722089
3.967505 2.618222
-0.133352 2.826590
-0.474792 -2.476187
-0.152015 -0.434590
0.037497 -2.270348
0.912076 -1.473736
-1.292225 -0.855211
-1.312911 -0.856784
-3.457085 -0.064340
0.901990 -1.954410
1.729511 -2.684403
1.633520 -2.867905
0.513566 -1.382911
-1.301715 -1.840683
-0.846663 -0.485622
-0.119779 -2.554076
-0.066288 -0.718564
-0.691437 -0.771809
-3.530081 -0.243783
1.837320 -2.630826
-0.650165 -0.900424
-0.277248 2.729857
-3.552978 -0.517018
-0.203575 1.976492
-0.544786 -1.573011
-0.133197 1.907025
1.806221 -2.717595
-0.104359 1.981784
-0.129310 2.070968
-0.522559 -1.296302
4.138326 2.985585
-0.167327 2.113117
-0.357569 -0.556767
0.905703 -1.512106
3.758896 3.032533
3.749390 2.553988
-0.673501 -1.353079
0.601721 1.341576
-0.290598 -1.245033
0.059213 2.443308
-0.209400 -1.350340
1.903000 -2.710684
-1.103702 -2.113638
1.466573 -0.550528
-3.256972 -0.265901
-0.166649 1.666034
-0.659968 -0.428138
-0.313654 -0.241168
1.127708 -0.681902
0.364754 -1.622738
-3.434336 -0.154733
-3.583899 -0.253582
-3.604344 -0.218762
1.671107 -2.686595
-0.862249 2.168639
1.819022 -2.702740
4.010225 2.480807
-1.858749 -1.425303
-0.017780 2.157682
-0.203992 1.599772
-0.565299 1.786799
-0.065619 -0.124011
-0.184174 1.764642
-0.202943 -0.687552
-0.447089 -0.088904
0.412199 -0.517368
-0.716640 -0.485292
-1.278873 -1.735122
-0.094350 -2.181011
-0.764555 -0.352426
-0.056973 -0.867242
3.843896 2.520515
0.025605 -2.247712
-0.335647 1.958333
-0.306293 -2.532697
-0.942748 -0.787527
-3.401111 -0.177943
0.728495 0.413292
1.775148 -2.697162
-1.416463 0.378139
0.032534 -0.950409
-0.370634 -1.412229
0.735976 -0.357808
0.908786 -1.475514
-0.185436 -0.700056
-0.110886 -0.747240
4.053680 2.602009
-0.101655 -0.393316
0.743576 0.398764
-0.843083 -1.946826
-3.658250 -0.340697
-0.302157 2.819389
0.528412 -1.362087
0.075079 2.752506
4.166227 3.063198
-0.580535 -0.419031
0.034870 -0.672283
3.966506 2.881022
0.697072 1.610016
-0.371405 1.627923
3.689570 3.061797
-0.278686 -0.502118
1.795328 -2.675030
4.023507 2.550989
0.117991 2.626415
0.592307 1.346377
-0.758355 -0.397860
1.750667 -2.737715
-3.445495 -0.364321
-1.160034 -0.515971
-0.238972 1.713819
0.533289 -1.362332
-0.828983 -1.956930
-3.596395 -0.399742
0.260252 1.118684
-1.374246 -1.518628
-0.521887 -0.863668
0.723151 1.635765
-0.772321 -0.791790
-0.575436 -0.596060
-0.521459 -1.318896
3.836379 2.761707
-0.272021 1.903060
1.823762 -2.865458
4.082698 2.582981
-0.084789 1.812753
0.104163 -0.782462
-0.347604 -0.749926
-0.597222 -0.170371
3.745640 2.961010
-0.003959 1.654502
-0.212048 1.003290
-0.447063 -0.356235
-1.729885 -0.997606
-3.572457 -0.383411
0.017639 -2.245462
-0.098654 -0.991810
-0.095754 -0.967562
-0.283717 1.943515
-0.738962 -0.496551
0.039090 2.595464
-0.417790 -1.200659
0.439375 -0.588879
-1.126832 -0.747224
-0.825231 -1.956225
-0.215190 -0.154749
-3.133651 -0.280672
0.265301 1.151134
-0.046359 -0.713514
-0.427947 -1.572690
-0.476349 -0.543497
0.061078 2.623585
-0.815035 -1.944901
-0.368883 -0.637886
1.438858 -0.543131
0.505630 -1.072884
-0.131783 2.837076
0.280361 -2.000706
0.350098 -0.932617
4.101730 2.384024
-0.413202 -1.105001
-0.367167 1.901707
4.139791 2.425102
0.606487 1.339799
-0.085523 -2.545321
-0.446158 -2.466158
0.605079 1.372884
-0.475188 -0.006479
-0.034905 -0.718471
-1.853428 -1.424911
-0.207220 -0.807791
-1.377272 -1.493732
-0.600498 -0.565412
0.341452 -0.555879
-0.019745 -0.859663
-0.346126 -2.561708
-0.291862 -0.293131
3.741892 2.997456
1.063101 0.534175
3.772958 3.019475
-0.116293 -0.278204
-0.375906 -0.823544
-0.125266 -0.146077
-0.071528 2.074181
0.272558 -1.979418
-0.107783 -2.142807
-0.456971 -0.033196
0.181908 -0.534120
-0.214228 -1.447941
-3.590761 -0.243479
1.105743 0.300035
-0.329496 -0.837735
-0.546229 -1.197823
0.389587 -0.533904
-0.473545 -2.221358
-2.254454 -0.362886
1.946783 -2.776175
-0.095961 -0.441174
-0.004826 2.527927
-0.825307 -1.954166
1.828847 -2.520886
0.430634 -0.980965
0.314481 -1.685323
-3.604686 -0.153478
1.859441 -2.663690
-0.232657 -1.387994
-0.271552 1.737615
-1.274076 -1.751903
-0.038198 1.975687
1.883553 -2.961611
0.232449 -1.931969
-0.556735 -0.414602
-0.013924 -0.825096
3.742437 2.918474
-0.314287 2.470011
0.363113 0.918890
-0.298604 1.915764
-0.835173 -2.274836
-0.199226 -0.456105
0.674413 0.429852
-1.040997 -0.736082
-0.146700 2.081790
1.282602 -1.163507
-0.526649 -2.229584
0.045736 0.649898
-0.932262 -0.734263
1.136417 -0.667864
1.827033 -2.583631
0.395356 -0.525885
1.759433 -2.625934
1.653984 -2.763622
0.318515 -0.912509
-1.325797 -0.442903
-0.827313 -0.531539
0.010950 -2.249819
-0.062277 -0.124508
-0.455980 -2.432811
1.248469 -0.206256
-0.822769 -0.732831
-0.240069 -0.756907
-0.187634 0.948391
0.919006 -1.457463
0.242733 1.118847
-1.740440 -0.984986
-0.120766 -2.524639
0.199306 -1.940853
-0.606412 -1.399690
-0.471679 -0.365359
0.772362 -0.362627
-0.259552 2.561483
1.060425 0.544659
0.306981 -1.615917
1.780192 -2.843978
0.304082 -1.575091
0.807786 -1.678957
0.042387 -2.249406
0.098501 2.676357
-0.559717 1.944702
0.091337 2.481732
1.870862 -2.844243
3.783868 2.526299
4.022215 2.595175
-0.795044 -0.018504
-0.509313 -2.052652
-0.640258 -1.090801
0.059111 0.690225
-0.509491 -2.089535
-0.189395 1.743865
-0.681874 -0.728276
-0.193620 -1.489769
0.347649 -0.556993
-0.479154 -2.092930
-0.764034 -0.901499
0.375711 -0.568135
-0.956165 -0.757254
-0.915096 -0.473503
0.241437 -1.962817
-3.370699 -0.111638
-0.481560 0.016168
0.228248 1.151879
-0.022369 -0.313797
0.012391 -0.631049
-0.380720 -0.279501
-0.600670 -0.544948
-0.500728 -2.178005
1.283523 -1.159974
-0.427855 -1.304136
1.802108 -2.752662
-0.278802 -0.141851
-1.241321 -2.254593
-0.110357 -0.562175
0.081286 0.647731
-1.712903 -0.997155
1.699131 -2.836071
-0.119759 -0.207879
-0.360254 -0.709197
-0.433752 2.694788
-0.341108 2.791955
-3.345373 -0.224586
0.042866 0.714479
-0.590389 -0.600038
-0.585490 -0.540573
-0.317753 -0.749601
-0.792691 1.800287
-1.439604 0.389290
-3.258859 -0.359261
-3.349379 -0.339422
1.617554 -2.578821
0.360692 -1.179504
-0.351761 2.741319
-0.608852 -0.681158
-0.117302 -2.144253
3.845930 2.795091
-0.052281 -0.295158
-0.453903 -1.393536
0.708467 1.631429
-1.267456 -1.767338
0.328970 -1.045835
-0.304631 -2.570035
0.123973 2.035387
-0.345027 -1.190509
-0.226741 1.608618
-0.338777 2.769763
-0.109568 -0.308470
-3.495433 -0.432012
-3.384248 -0.171235
-0.734691 -2.688618
0.040569 -0.569534
-3.617133 -0.237857
-3.621265 -0.511236
0.246737 -0.557426
1.541115 -2.846934
1.121836 0.314314
-0.099352 -0.440468
-0.392324 2.679768
-0.288788 1.751639
3.719380 3.028544
0.759002 1.665244
0.186088 2.491664
-0.803676 -2.265403
-0.756228 -0.371816
-3.629273 -0.208525
-0.415414 1.854299
-3.408147 -0.212834
-3.430078 -0.226488
3.893116 2.622153
0.138662 2.462202
-0.196118 2.690307
-1.847039 -1.419548
-0.240276 0.045081
1.774791 -2.929312
-3.509615 -0.356362
0.159021 -1.274271
0.284185 -1.992103
-1.289965 -0.457879
0.039562 1.642435
1.064455 0.516534
1.242854 -0.209760
-1.727995 -1.007512
-0.169058 -1.023939
-0.113769 -2.550767
-0.649669 -0.405233
0.365456 0.930173
-0.455757 -1.460312
0.753995 0.172368
-0.164527 -0.433501
-0.742131 -2.707780
0.737259 0.383815
0.623701 1.315966
0.983107 -1.405636
-0.382638 -0.576280
-0.172513 1.880458
-0.354448 1.910565
-0.194276 0.936964
0.348300 0.938850
1.803701 -2.789991
0.242172 1.132391
-0.201319 -0.351045
-1.849638 -1.419903
1.826341 -2.901935
-0.196095 0.986919
0.721667 0.399864
-1.264202 -1.743841
-0.671265 -1.336591
-0.754534 -2.726257
-0.819264 -2.276780
-0.905420 -0.368865
-0.294000 -0.780880
1.073058 0.520519
-0.393704 1.940990
-0.265589 -0.170126
0.343247 0.928837
0.327110 -0.936609
-0.131347 -0.953908
-0.789398 -0.767428
0.210629 -1.069123
0.223764 -0.584523
-0.672783 -0.555519
-0.493732 -2.121605
0.936673 -1.446170
-0.023256 1.912766
-0.753969 1.943356
-3.313004 -0.362382
1.848894 -2.975398
-1.205043 -0.479420
0.381478 -0.523507
1.412645 -2.364162
3.923719 2.702334
-3.421153 -0.228788
3.767282 3.014702
1.082208 0.529495
-0.755021 -2.719887
-0.467420 0.040617
-0.631253 -0.373823
1.930400 -2.783729
3.812911 2.959614
0.200078 -0.559180
-1.299534 -0.447442
-0.024681 2.127735
-3.579844 -0.232739
0.214312 2.662311
-0.807215 -2.263544
3.918693 2.602940
1.692632 -2.909940
-0.399411 1.898744
1.837769 -2.732116
1.236699 -0.211258
-0.956963 -0.759647
-0.436209 -0.112235
-1.373796 -1.492941
-0.464392 -2.460378
-1.299484 -0.108133
-1.095482 -0.484027
0.431276 -0.984783
-0.149626 2.625897
-0.636719 1.786781
-0.243383 -0.862520
-0.117218 -0.380032
-1.710102 -0.994347
-0.854082 -0.261415
0.074485 2.737674
-0.516499 -1.378057
-1.457256 0.404812
-0.327521 -2.560786
3.836239 2.485058
0.902214 0.251952
-0.611015 -0.514809
0.441181 -1.313805
-0.231500 -0.074151
-0.237157 -0.753841
1.179495 -0.643163
-0.330422 2.057245
-0.102733 -2.532013
0.407055 0.315938
0.532531 -1.376934
-0.580398 -1.237530
-0.503100 -2.190549
1.255245 -0.202552
-0.134545 1.994088
-1.609512 -0.719126
0.070136 -0.538542
3.893349 3.086988
4.053583 2.698498
3.943862 2.799366
3.682510 3.036685
0.398055 0.289382
0.108432 -0.798704
-0.377699 2.101599
-0.734013 1.988180
3.731119 3.054461
0.639861 1.302004
-0.696674 1.873659
-0.344798 -0.654098
-1.222860 -0.460091
-0.532347 -1.569655
-0.144823 1.739573
0.920402 -1.468771
3.944763 2.641912
-0.245640 2.732777
-0.272401 -0.447635
-1.574836 0.052189
-0.048194 -0.772422
-0.640629 -1.464899
-0.104535 -2.549305
-0.829270 -0.787851
1.278219 -1.163793
0.596651 -0.419309
0.729509 0.200722
-0.317948 -2.566685
-0.109914 -2.130592
-0.692647 -0.411126
-0.102373 1.712433
1.981986 -2.679394
-0.161288 -0.848092
-0.737168 -2.687400
-1.720371 -0.999160
0.090797 -1.024344
0.092277 0.668208
-0.902559 2.074755
-0.509629 -2.049687
-0.145550 2.174398
1.253710 -0.194426
-0.239611 1.003049
-0.668730 -0.104394
3.895855 2.714523
-0.725962 -0.507116
-0.261744 2.647338
-0.611430 -0.774251
-1.560076 0.024653
-0.438663 2.526115
0.735649 -0.393890
-0.400456 -1.277784
-0.657455 -0.848874
-0.478067 -1.202233
-1.393894 -1.503660
1.067835 0.546056
-3.637254 -0.313565
-0.467906 -0.100257
-0.429341 1.917888
0.245841 1.134941
0.031135 -0.281463
-0.015604 -1.053424
1.095809 0.310565
-0.540315 -1.450045
-0.566430 -1.491861
-1.313373 -0.669302
-0.013191 -0.892427
-3.619590 -0.445872
-0.150072 -0.203738
0.507005 -1.410527
-1.433374 -1.516790
-3.378665 -0.374475
-1.021385 -0.763164
-0.492712 0.210737
-0.081304 -1.327558
0.031895 -0.731438
2.028332 -2.635647
0.114523 2.746774
-3.290088 -0.366034
-3.527261 -0.030536
0.069101 -0.736947
-0.011034 1.686256
0.091127 1.870199
-1.580416 0.057683
-0.202283 -0.526908
1.098375 0.298159
-0.609919 -0.373813
-0.202525 -0.698400
3.696041 2.892131
-0.464887 0.007234
-0.733350 -2.681123
-0.070973 -0.688518
-0.270613 -0.794312
-0.540380 -1.404277
-0.429175 -0.130965
-1.245476 -0.474156
-0.494708 2.435643
-0.222763 -0.483868
-0.394171 1.874175
-0.229885 2.078693
0.282910 -0.546279
0.715120 1.638242
-1.823654 -1.409888
0.726649 1.612481
-1.416447 0.369443
-0.570686 -1.451092
-0.615588 -0.033753
1.290411 -1.157331
-0.323532 -1.315210
0.499818 -1.064991
-0.111626 2.150964
-1.570196 0.040862
-0.316385 -0.593897
1.428668 -0.549106
-1.236798 0.207046
-1.045164 -0.075631
0.653808 -0.696234
-0.373920 -1.243088
1.133873 -0.684468
-0.124994 -2.523851
-0.144880 2.281894
-0.648998 -0.925312
-0.118545 -0.434255
-0.273955 -0.190591
-0.333545 1.846861
-0.108268 2.851329
0.309265 -1.558636
-0.122642 -1.464445
0.221429 -1.021803
-0.076637 -0.692196
-0.316132 -1.416987
3.987492 2.613566
-0.516021 2.451885
-3.413641 -0.197486
1.432314 -0.540292
-0.543419 -0.547153
1.802471 -2.632351
-0.810826 1.884947
-0.199120 -0.448372
-1.873461 -1.428827
-0.050985 -0.510027
1.082485 -0.265405
0.011292 -2.251056
-3.249406 -0.350189
0.217745 -1.133207
-0.395815 -0.149592
-0.463896 -2.461654
-3.515318 -0.449700
-3.761945 -0.236363
0.169563 2.382852
0.022772 -2.270815
3.951280 2.578921
0.611012 1.357551
0.722520 -0.365707
1.295397 -1.167210
0.548017 -1.367558
-0.794317 -0.754501
0.987444 -0.676261
-0.281760 1.703704
-1.742512 -0.989808
-0.024302 2.528777
-0.459977 -1.575136
0.231817 1.105897
0.175858 2.491430
-0.334016 1.884533
0.085006 0.693781
1.048384 -0.593666
1.772593 -2.819247
-0.205037 2.123620
-0.700026 1.809070
1.882843 -2.702864
-0.358459 2.091463
-0.247947 1.580521
-0.090712 -0.215634
1.462622 -2.562963
-1.251501 -1.772819
-0.280608 -0.319688
-0.531261 -2.184414
1.248723 -0.214740
-0.592804 -1.508310
1.712877 -2.958081
0.096894 -0.969654
1.099395 -1.086234
-3.369387 -0.421224
-0.132899 1.454044
-3.547422 -0.301844
1.056536 0.506105
1.370632 -0.539344
-0.746577 -2.696883
-0.306596 -1.541086
-0.438634 2.529627
0.757977 -0.359990
-0.061303 -0.162576
0.728729 0.409904
0.565243 -1.362470
-0.152670 2.513441
-1.078885 -0.847367
3.926698 2.658618
-0.157743 -1.045388
1.945392 -2.777266
-3.297012 -0.121850
-0.020642 2.558897
-3.289735 -0.517801
-0.328576 1.962644
-0.746340 2.060856
-0.198855 -0.887151
0.418325 0.303756
-0.704509 1.742459
-1.264591 -1.744655
1.857948 -2.690999
1.063322 0.536893
-0.039922 1.914913
-0.774583 -0.657862
-0.519144 -2.094644
-1.435098 0.435139
-0.827588 -1.942994
-0.020265 -0.874040
4.042901 2.508156
-0.541829 -1.351723
1.133897 -0.679248
-0.258102 -1.425934
-0.533890 -1.456587
0.107361 2.700553
-0.233388 -0.500768
-0.402863 -2.400963
0.912821 -1.478522
-0.216768 -0.478687
0.046782 2.452740
0.783413 0.209824
0.148562 2.458180
-0.257511 2.676246
-0.097216 -0.709063
-1.843217 -1.401171
1.458414 -0.559516
-0.827296 -2.271228
-3.443191 -0.081761
-0.513337 2.427521
-0.467179 -2.454598
-0.310145 -1.641150
0.883817 -1.485011
-3.511459 -0.490909
1.905206 -2.846922
-0.706572 -0.768238
-0.396113 -1.201194
-0.219856 -1.289073
-1.574573 0.054242
-0.109270 1.655169
1.893850 -2.748227
-0.069565 2.044127
0.362560 0.932260
4.149537 3.016199
-0.466517 -1.661611
3.956899 2.638224
-0.029569 -0.798505
1.096052 0.307239
0.034696 -0.730047
-0.084351 2.529900
0.259415 2.463645
-0.094238 2.666840
0.410937 0.312636
3.919439 2.804981
-1.364485 -1.491927
-0.313430 -2.576725
-0.470123 -1.565883
-0.822835 -1.353006
-1.282801 -0.424312
-0.020374 -0.897931
-1.844408 -1.421890
-0.252270 -1.263262
1.148511 0.334016
0.304082 -1.585321
-0.326336 2.835074
-1.565301 0.031566
-0.256437 -1.462911
-0.862805 -0.439828
0.423390 0.299684
0.047877 -1.018477
-0.514706 2.472825
-3.258863 -0.259841
0.581333 1.360941
-0.628734 -0.603230
-0.413081 -1.520750
1.978140 -2.762335
0.670285 1.631280
0.383137 -0.290752
0.351214 1.906526
-3.630682 -0.274697
1.853547 -2.710770
-0.343792 -1.509732
1.869216 -2.870179
-0.154566 -0.248982
-0.657994 -0.586425
-0.341807 -0.697186
-0.440036 -1.701442
0.478341 -1.058295
1.422654 -0.543458
0.380460 -0.526236
-1.434009 0.382803
-0.828038 -0.292710
-0.361014 1.867736
-0.340235 -0.138517
1.061523 0.521468
0.736118 1.634183
0.103865 -0.692423
1.671523 -2.848327
3.888894 2.431638
-0.877200 -0.727472
1.892068 -2.654427
0.078252 -0.791689
-0.064555 2.094098
-0.453546 -2.447928
-0.295179 2.125409
0.199169 2.525141
-0.201279 0.986992
0.009800 2.629681
-0.890372 -0.724838
-0.552384 -1.292014
-0.139047 -0.917839
0.759550 -0.358354
-0.072754 -0.776351
-0.113219 2.064162
-1.577775 0.071698
-0.522787 -2.167639
-0.079409 -2.196770
0.424300 0.315444
0.004765 1.844346
-3.574733 -0.145021
-0.233354 2.163391
-0.127505 2.186716
-0.849402 -2.285474
-0.543273 1.980908
-0.064772 1.888828
3.869988 2.566481
-0.029538 2.503466
1.995510 -2.857562
0.416896 -1.730315
-0.222986 -0.838177
-1.731033 -1.349429
0.055948 0.680438
0.068290 0.666478
-0.129568 -0.835314
-1.266240 -0.827705
-0.143326 -2.182616
-0.225306 1.794233
-1.067887 -1.048010
1.270865 -1.156217
0.738882 -0.369054
-0.273863 -0.363995
-0.105459 -2.168471
-0.538060 -0.500220
-0.795651 -0.935724
1.268671 -0.216680
-1.275192 -1.760021
0.265024 1.116959
-3.268066 -0.248996
-1.710901 -0.998912
3.789392 2.989180
-1.414896 -1.490579
1.157904 0.333322
-0.211253 0.975378
-0.765721 2.069005
-0.538575 -2.101080
-0.318132 1.967796
0.690872 0.432153
-1.453008 0.391551
-1.714516 -1.000437
1.167486 -0.663392
-3.362255 -0.300113
1.690202 -2.709477
-1.275704 -1.716780
-0.675240 -0.192535
1.805995 -2.804384
-0.438442 2.653785
-2.388355 -0.334481
-0.016030 -0.737565
0.264858 1.824707
4.288798 2.594013
-0.214252 1.766987
-0.266889 -1.419482
0.098467 2.523725
-0.245407 1.892262
-0.282438 -0.386589
1.664883 -2.946042
-0.207966 2.150465
-0.748942 -0.460945
-0.299866 -2.564501
-0.497364 0.094610
0.356446 0.940534
-0.442717 -0.078163
-0.668832 -0.902164
0.043462 2.675126
1.890610 -2.842833
-0.828123 -2.275647
-1.854066 -1.420466
0.019002 -2.249991
3.794915 2.970382
-0.109073 2.435016
0.316049 1.903991
-0.544793 2.016389
3.793702 2.995650
-0.228353 -0.501198
3.818673 2.532189
0.235096 -0.588015
-0.338204 -0.320930
-0.688510 -0.589050
0.387339 0.906687
-0.348779 -0.784267
-0.076215 -2.512260
1.251888 -0.204246
4.110276 2.978764
-0.835975 -2.286883
-0.311715 -2.554243
-0.269743 2.144529
1.133684 -0.680869
-0.402516 -0.795959
-0.362304 -1.208531
1.800326 -2.706635
-0.499789 -2.180249
0.731751 1.632932
-0.155212 2.073777
-0.079421 -0.940437
0.381281 0.927388
-0.457704 -0.168176
1.294541 -1.179720
-0.251463 -0.549316
1.421459 -0.542333
0.369207 0.322681
-0.216858 -0.579844
-0.386630 -1.350531
-0.735701 -2.694946
-0.086488 2.859635
-0.454119 -2.420212
-0.179865 -0.364121
0.027296 -2.238452
0.903984 -1.482016
-1.290367 -0.840935
-3.447500 -0.141174
1.466194 -2.442537
1.725515 -2.706406
1.628183 -2.835167
0.512083 -1.376697
-0.888615 -0.494545
-0.096645 -2.519882
-0.028808 -0.791105
-0.791873 -0.759649
-3.624266 -0.111212
1.820890 -2.585326
-0.591174 -0.848701
-0.248510 2.715151
-3.529567 -0.465191
-0.559931 -1.478814
-0.066176 1.969613
-0.044295 2.225112
-0.558752 -1.231714
4.129013 3.012706
-0.161972 2.041889
-0.359985 -0.506947
0.905719 -1.467280
3.772337 2.543840
-0.624689 -1.457060
0.603783 1.336479
-0.251666 -1.287622
0.078046 2.442024
-0.336222 -1.266972
1.970492 -2.748258
-1.171005 -2.170361
1.457428 -0.536885
-3.241174 -0.288165
-0.184754 1.705365
-0.606762 -0.444048
-0.332967 -0.267133
1.144993 -0.651933
0.265050 -1.534080
-3.391040 -0.046643
-3.542523 -0.184344
-3.560156 -0.220896
1.658711 -2.726152
-0.837647 2.186543
1.824877 -2.685044
4.000436 2.479522
-1.860160 -1.422635
-0.109371 2.110827
-0.189143 1.591507
-0.574714 1.750506
-0.054769 -0.148896
-0.184577 1.791975
-0.209427 -0.777070
-0.469057 -0.085878
0.407752 -0.543403
-0.729393 -0.505031
-1.256918 -1.746836
-0.101986 -2.150161
-0.770618 -0.293934
-0.050071 -0.853337
3.867943 2.587373
-0.305844 -2.555165
0.041633 -2.233552
-0.398391 1.990206
-0.305745 -2.566009
3.982567 2.834528
-0.918275 -0.757842
-3.386332 -0.189429
0.748353 0.413033
1.754395 -2.744201
-1.445975 0.394922
0.093520 -0.987338
-0.316652 -1.391726
0.807335 -0.350526
0.921676 -1.454856
-0.184343 -0.702983
-0.096877 -0.686637
4.073079 2.618829
0.006200 -0.299052
0.745612 0.432829
-0.821462 -1.936162
-3.614693 -0.284601
-0.291439 2.835297
0.533075 -1.389286
0.082457 2.736466
4.175416 3.072661
-0.666243 -0.434616
-0.010434 -0.650746
3.928218 2.836198
0.729348 1.623657
-0.346178 1.659520
3.680819 3.052419
-0.296342 -0.507734
1.842130 -2.711081
4.025202 2.563428
0.058825 2.481781
0.587046 1.347434
-0.062738 -2.166714
-0.706606 -0.457602
1.860346 -2.748272
-3.433503 -0.368376
-1.254643 -0.471566
-0.221034 1.804548
0.520165 -1.381527
-0.859026 -1.947075
-3.556735 -0.262390
0.228599 1.150139
-1.367034 -1.526093
-0.571199 -0.884511
0.706137 1.633760
-0.727413 -0.842700
-0.582136 -0.579019
-0.527255 -1.331616
3.926374 2.855871
-0.410690 1.876794
1.817362 -2.930705
4.065403 2.559402
-0.083099 1.808623
-0.073445 -0.803342
-0.413834 -0.711952
-0.573111 -0.213007
3.749909 2.963464
0.015800 1.680771
-0.190230 0.940971
-0.427417 -0.338939
-1.710895 -1.014040
-3.551904 -0.353829
0.016498 -2.218162
-0.101764 -0.959362
-0.173349 -0.938721
-0.320438 1.966136
-0.749085 -0.516718
-0.000526 2.540688
-0.416095 -1.120163
0.421454 -0.577550
-0.754483 -2.710388
-0.984349 -0.743744
-0.808079 -1.935299
-0.230509 -0.196918
-3.264365 -0.254603
0.251184 1.131579
-0.045008 -0.742657
-0.434454 -1.531921
-0.473721 -0.603072
0.103061 2.656499
-0.837875 -1.968396
-0.482333 -0.719613
1.426687 -0.533176
0.524301 -1.058393
-0.107565 2.827012
0.235438 -1.971341
0.386774 -0.936261
4.017520 2.452942
-0.442224 -1.223906
-0.314115 1.931224
4.099970 2.443971
0.593888 1.353870
-0.104036 -2.531101
-0.460508 -2.455079
0.579318 1.346289
-0.461614 -0.105455
0.025930 -0.760174
-1.870727 -1.420180
-0.212444 -0.764376
-1.396037 -1.505956
-0.691791 -0.593448
0.347090 -0.552632
-0.024586 -0.822514
-0.315274 -2.546467
1.855878 -2.779530
-0.291039 -0.260327
3.734332 2.992138
3.741487 3.068757
-0.085902 -0.225291
-0.309336 -0.739907
-0.087508 -0.192114
-0.104031 2.117720
0.200665 -1.950928
-0.088933 -2.175678
-0.425887 -0.113982
0.170278 -0.521846
-0.307540 -1.496722
-3.586473 -0.233331
1.163727 0.323261
-0.350347 -0.840147
0.517178 -1.386117
-0.559784 -1.244616
0.533083 -0.602785
-0.492862 -2.209824
-2.143333 -0.376685
1.978254 -2.784303
-0.145055 -0.452246
-0.033997 2.492211
-0.832322 -1.924332
1.805526 -2.615066
0.525477 -1.020670
0.256685 -1.688415
-3.595181 -0.160133
1.790840 -2.630320
-0.294488 -1.405644
-0.335161 1.732601
-1.274978 -1.772552
-0.096004 2.098915
1.918914 -3.046191
0.223627 -1.938018
-0.565103 -0.438659
0.007184 -0.840376
3.741579 2.929344
-0.290002 2.612306
0.356814 0.949564
-0.371651 1.855647
-0.825466 -2.275370
-0.218536 -0.466252
0.721423 0.403227
-1.037008 -0.754831
-0.140494 2.074731
1.287327 -1.163183
-0.487852 -2.228722
0.060394 0.658635
-0.728473 -0.741709
1.132383 -0.695913
1.867031 -2.516729
0.425343 -0.515271
1.562916 -2.804712
0.425268 -0.982102
-1.318192 -0.450344
-0.722600 -0.544424
0.058285 -2.259596
-0.024233 -0.075067
-0.447284 -2.432920
1.244734 -0.215768
-0.867067 -0.729799
-0.348108 -0.798601
-0.212232 0.969444
0.913831 -1.452809
0.226405 1.162103
-1.726237 -1.003564
-0.109101 -2.524812
0.208417 -1.969543
1.928252 -2.714453
-0.563967 -1.395656
-0.467158 -0.249290
0.735373 -0.356739
-0.313328 2.574383
1.093246 0.522359
0.339774 -1.649677
1.812349 -2.868458
0.402317 -1.672561
1.392367 -2.306431
0.095274 -2.278088
0.152325 2.667432
-0.788077 1.856718
0.084035 2.451527
1.909263 -2.666007
3.791104 2.543837
4.021708 2.624590
-0.766984 -0.054390
-0.483619 -2.036898
-0.648929 -1.073100
0.043285 0.649165
-0.507538 -2.074116
-0.176050 1.657587
-0.664875 -0.688210
-0.247520 -1.467919
0.371823 -0.544821
-0.500736 -2.061549
-0.786534 -0.942373
0.405805 -0.561057
-0.863019 -0.741305
-0.876206 -0.450695
-1.381503 -1.523715
3.984911 2.675001
0.230331 -1.936779
-3.370700 -0.023453
-0.488976 0.030211
0.237767 1.164755
0.028737 -0.297815
0.032791 -0.593015
-0.333004 -0.290321
-0.625565 -0.506635
-0.530717 -2.156916
1.276785 -1.147871
-0.434362 -1.242943
-0.193992 -0.117053
-1.244604 -2.274031
-0.092806 -0.616594
0.049842 0.660841
-1.730707 -1.002205
1.585482 -2.850911
-0.061316 -0.205563
-0.354189 -0.686552
-0.402962 2.638947
-0.376470 2.813256
-3.428461 -0.296168
0.595531 1.325266
0.026933 0.654367
-0.539981 -0.618285
-0.582375 -0.550643
-0.224211 -0.842585
-0.726018 1.840553
-1.415519 0.380433
-3.309702 -0.377583
-3.236166 -0.362817
1.599490 -2.552405
0.374398 -1.212595
-0.292735 2.804195
-0.626056 -0.677656
-0.115113 -2.160899
3.865091 2.682796
-0.148071 -0.442594
-0.478715 -1.662574
0.733991 1.634711
-1.296878 -1.747526
-0.318174 -2.545090
0.154353 2.015467
-0.363081 -1.205426
-0.142111 1.807412
-0.341493 2.778632
-0.042534 -0.322610
-3.511900 -0.391412
-3.373372 -0.162704
-0.760267 -2.711250
-0.039055 -0.562941
-3.611558 -0.212445
-3.603411 -0.480554
0.177390 -0.548794
1.644929 -2.782545
1.139966 0.292436
-0.097213 -0.450530
-0.433727 2.628201
-0.377852 1.628835
3.716503 3.061790
0.707054 1.636573
0.153914 2.471735
-0.812039 -2.256270
-0.896087 -0.267827
-3.661086 -0.255451
-0.395221 1.845121
-3.406150 -0.173239
-3.420950 -0.274172
3.860940 2.641930
0.109942 2.462540
-0.127963 2.648736
-1.852052 -1.412258
-0.232638 0.089401
1.771885 -3.032397
-3.509178 -0.324753
0.225913 -1.312613
0.267103 -1.928807
-0.069055 1.814543
1.073367 0.525215
1.259089 -0.189603
-1.703335 -1.008472
-0.160091 -1.043650
-0.123340 -2.512764
-0.655379 -0.368287
0.356178 0.937417
0.795508 0.189746
0.748311 -0.370448
-0.131815 -0.453178
-0.745805 -2.702966
0.731046 0.409456
0.591551 1.330001
0.935633 -1.440152
-0.344855 -0.610871
-0.144590 1.916664
-0.347510 1.988375
-0.195863 0.963007
0.348109 0.933095
1.874366 -2.836505
0.249395 1.116895
-0.152255 -0.336029
-1.860383 -1.423590
1.856370 -2.938020
-0.208033 0.988208
0.717472 0.405629
-1.213148 -1.846099
-0.648958 -1.332098
-0.734411 -2.687380
-0.842625 -2.302293
-0.910048 -0.386643
-0.302400 -0.719429
1.078080 0.554428
-0.482746 1.934760
-0.270993 -0.292878
0.344927 0.960782
0.413855 -0.980825
-0.110937 -1.025365
-0.791097 -0.749879
0.201411 -1.012274
0.284815 -0.554750
-0.705418 -0.597289
-0.514007 -2.059087
-0.037858 1.930258
-0.738803 1.913226
-3.291126 -0.326049
1.867105 -2.897925
-1.291654 -0.453385
0.368017 -0.549800
1.569437 -2.521279
3.929571 2.825204
-3.503235 -0.214141
1.067257 0.541621
-0.739296 -2.703461
-0.420776 0.052350
-0.645617 -0.335553
1.939696 -2.783666
3.803483 2.960074
-3.544047 -0.141324
1.808740 -2.943635
0.751964 0.341017
1.932330 -2.738210
-3.438570 -0.189904
-0.572606 -0.542491
1.063719 0.270873
-0.147629 -0.335609
4.176233 2.590339
0.084656 0.607013
0.261569 1.840989
3.879135 2.791008
-0.064065 2.113927
-0.446081 -1.376050
1.125032 -0.674508
2.029274 -2.833850
0.235403 1.125412
-1.023669 -0.772443
-0.658579 -0.703966
-0.077761 -2.188249
-0.802244 -1.927835
-0.228526 -0.142243
1.311371 -1.183358
-1.405741 -1.518372
-0.824780 2.190342
-0.509991 -2.180988
-1.460774 0.408858
1.949207 -2.781373
1.665575 -2.913004
-0.069122 -0.092332
0.018739 -2.243707
-0.189550 -0.409582
0.004614 2.477819
-0.234361 -1.291768
2.099536 -2.786148
-1.433300 0.384337
-0.206686 2.019202
-0.329290 2.094314
0.217132 -1.947435
-0.809246 -2.272563
-0.195984 0.918779
0.355612 -1.607766
1.784080 -2.830263
-0.554780 -1.512723
-3.636742 -0.290072
0.099872 2.498062
2.022725 -2.905901
1.835767 -2.908201
3.900321 2.770574
-0.313526 2.863776
1.119359 0.322953
-1.588440 0.054307
-0.203085 0.961952
0.064779 0.638648
0.392766 0.310387
-3.405056 -0.431211
0.004967 2.178277
-3.495012 -0.500902
-0.373723 -0.276260
-0.847293 -0.748416
1.946746 -2.689569
3.908762 2.615472
-0.128870 1.678020
-0.391742 -1.219345
-0.711143 -0.774091
-0.147840 -0.680505
-0.384807 -1.571857
0.021384 1.956398
3.771473 2.988724
-0.826189 -1.949447
1.279223 -1.164231
-0.754822 -0.519111
-1.565331 0.054224
-0.181810 -0.944479
1.885343 -2.778610
1.806290 -2.856568
-0.264590 -1.500659
4.247056 2.645668
-3.546719 -0.113183
1.760652 -2.881097
0.706677 0.406317
2.024829 -2.753510
-3.422937 -0.260355
-0.556870 -0.553796
1.090743 0.293010
-0.094646 -0.281320
4.216891 2.595487
0.084236 0.642437
0.280322 1.811578
3.940891 2.837731
-3.437875 -0.284970
-0.129484 2.160924
3.918959 2.776565
-0.414517 -1.278948
1.131503 -0.669194
2.125838 -2.897052
0.285265 1.126844
-1.043517 -0.743360
-0.782939 -0.703824
-0.097554 -2.159075
-0.842535 -1.960394
-0.333861 -0.182064
-1.378057 -1.497730
-0.856924 2.190209
-0.500449 -2.179386
-1.426612 0.380160
2.027375 -2.762604
1.739872 -2.794494
-0.089265 -0.154744
0.033423 -2.269605
-0.249168 -0.352614
-0.005558 2.459373
-0.204622 -1.254420
1.977379 -2.814306
-1.435573 0.390289
-0.148769 2.026809
-0.233372 1.982794
0.223785 -1.971720
-0.834903 -2.284981
-0.189224 0.980654
0.277548 -1.557247
-0.575304 -1.520643
-3.588005 -0.218822
0.126805 2.541193
1.855172 -2.899941
1.766528 -2.854460
3.962898 2.795850
-0.303184 2.878987
1.108158 0.319410
-1.566996 0.061229
-0.194847 0.922562
0.056434 0.659497
0.398304 0.306628
-3.427721 -0.408774
-0.030627 2.093398
-3.456615 -0.448944
-0.376828 -0.377411
-0.851614 -0.736646
1.984419 -2.664614
3.742663 2.633317
-0.087305 1.800195
-0.443813 -1.075572
-0.681770 -0.761736
-0.151820 -0.787412
-0.342628 -1.559146
-0.103319 1.965936
1.854606 -2.762077
3.765012 2.984263
-0.809742 -1.941761
1.280406 -1.169908
-0.713425 -0.529296
-0.206111 -0.927325
1.886095 -2.699770
1.826063 -2.853563
-0.239338 -1.574158
4.203281 2.644232
