121 2
1.830880 0.259841
1.652420 0.249743
1.269491 0.224938
1.735116 0.175229
1.932642 0.223507
2.059439 0.383838
2.075970 0.306157
1.207151 0.234580
0.372392 0.144233
1.163741 0.231701
1.594289 0.511094
-1.390263 -0.319012
-1.587938 -0.102786
-1.259337 -0.350598
2.277091 0.300618
2.416278 0.402244
2.134901 0.122241
2.200008 0.173259
1.758832 0.122496
1.866589 0.229534
1.896581 0.571632
1.967769 0.478884
2.289723 0.338770
2.229535 0.353545
-1.658101 -1.876310
-1.675438 -0.401017
-1.124619 -0.120327
-1.453945 0.324477
-1.942242 -0.455503
-1.334633 -0.050476
-1.162272 -0.605774
-1.492165 -0.717770
-1.008810 -0.116405
-2.348553 -0.124816
-2.240420 -0.090190
-1.400017 -0.029630
-1.020565 -0.036788
-1.223606 -0.015957
-1.581803 -0.799104
-1.115622 -0.083325
-1.316541 0.192435
-1.182211 0.244044
-1.651578 -0.525353
-1.703316 -0.573304
2.272591 0.206373
2.238227 0.084570
2.521342 0.412457
2.389186 0.049235
2.425437 0.193241
1.757451 0.059951
1.847838 0.624165
2.255726 0.483911
2.431886 0.424905
-1.682722 -1.893201
-1.668538 -1.900619
-1.681678 -1.919456
-1.722392 -1.952759
-1.640371 -1.871265
-1.696303 -1.866929
-1.735887 -1.975042
-1.540081 -0.475477
-1.774145 -0.388735
-1.093735 0.424810
-1.104844 0.165258
-1.119686 0.425438
-1.475247 0.288675
-1.378644 0.205476
-1.871584 -0.415236
-2.043882 -0.448840
-1.993802 -0.443653
-1.293269 0.087449
-1.150568 -0.593984
-1.090093 -0.697441
-1.060115 -0.671953
-1.524227 -0.850295
-1.470215 -0.964301
-1.555092 -0.909970
-2.380601 -0.092375
-2.405388 -0.087355
-1.401737 0.379919
-1.574749 -0.753771
-1.579867 -0.890949
-1.671085 -0.941663
-1.460185 -0.018355
-1.918371 -0.645324
-1.824573 -0.674335
-0.465522 2.619168
-1.059905 0.644422
-1.129810 0.572361
-1.152455 -0.255007
-1.599382 0.142778
-0.935384 0.083650
-0.910743 0.531773
-1.082696 0.524056
-1.571673 0.616854
-1.104010 0.631952
-2.174114 -0.457987
-0.420692 2.720351
-0.610142 2.511652
-0.467439 2.555377
-0.457111 2.655198
-0.527973 2.699014
-0.452956 2.628808
-0.449829 2.648893
-0.454838 2.610061
-0.434675 2.654327
-0.437628 2.651935
-0.316793 2.757751
-0.545470 2.623725
-0.378457 2.708660
-0.441489 2.676947
-0.377405 2.729211
-0.364134 2.733956
-0.588571 2.613470
-0.430032 2.528996
-0.533313 2.471399
-0.942590 0.725021
-1.040176 -0.307789
-0.725394 0.045276
-0.723867 0.541798
-0.856789 0.752146
