429 2
2.409673 -1.306459
2.318094 -1.234808
2.453849 -1.249872
2.685429 -1.027802
2.256294 -1.048636
2.291658 -0.998453
2.134808 -1.141585
2.286007 -0.954338
2.233262 -1.034019
2.164198 -1.057828
2.262701 -1.249958
2.253515 -1.287216
2.023620 0.459204
2.611479 -0.380066
2.621002 -0.352812
2.612174 -0.420334
2.790432 -1.076090
2.543588 -0.646252
2.561130 -1.345630
2.647497 -1.373650
2.376041 -1.239982
2.550540 -0.808384
2.509921 -0.751978
2.601910 -1.463127
2.651156 -1.263267
2.600353 -1.222661
2.597165 -0.750611
2.724381 -1.247338
2.474827 -0.709519
2.726369 -0.704268
2.442451 -1.457108
2.773061 -0.705118
2.846909 -0.638126
2.342082 -1.222515
2.495323 -0.699965
2.787505 -0.721850
2.601745 -1.048193
2.402688 -1.123049
2.696941 -0.495978
2.748547 -1.411414
2.661047 -0.630746
2.483858 -1.251276
2.870449 -0.976858
2.620691 -0.729675
2.524129 -0.739968
2.279643 -1.313494
2.697221 -1.385408
2.316872 -1.263254
2.727283 -1.505938
2.676976 -0.683998
2.685160 -0.636764
2.783275 -0.945516
2.491970 -1.247679
2.879651 -0.802905
2.547604 -0.622928
2.600206 -0.638254
2.676860 -1.169838
2.811244 -0.911869
2.812367 -0.972089
2.557705 -1.563991
2.504293 -0.959657
2.688484 -0.779039
2.767496 -0.585237
2.622185 -1.561867
2.427030 -1.206617
2.851898 -0.767298
2.646028 -1.043184
2.799162 -0.661461
2.647671 -0.900566
2.715983 -0.929913
2.812103 -1.072449
2.537357 -1.115122
2.606160 -1.084677
2.618146 -0.959824
2.687732 -0.932108
2.589377 -0.938559
2.605146 -0.861264
2.575060 -0.956551
3.196848 -0.972769
3.272678 -1.026456
3.361501 -0.871875
3.391915 -0.780016
3.146437 -0.984321
3.303398 -0.981372
3.055218 -1.061579
3.242545 -1.006200
3.386651 -1.094902
3.421349 -0.929136
3.301708 -0.887410
3.356023 -0.869189
3.496528 -0.980346
3.564603 -1.082944
3.388520 -1.188583
3.376826 -1.078242
3.345056 -1.055667
3.411185 -0.910069
3.164583 -1.089445
3.441499 -1.129012
3.531338 -0.979908
3.168174 -1.139560
3.251192 -1.007060
3.439498 -1.005025
3.150539 -1.293116
3.154880 -1.334508
3.065423 -1.290934
3.020354 -1.341322
2.828240 -1.305645
2.934184 -1.374092
3.127079 -1.302995
2.209962 -0.186271
3.264075 -1.335185
3.183626 -1.335757
2.221791 -0.194347
3.121666 -1.366319
3.565447 -1.330014
1.838506 -0.757110
1.868947 -0.832107
1.966031 -0.903041
1.943190 -0.805666
2.011858 -0.825610
1.903664 -0.956598
1.904468 -0.698491
1.892833 -0.891464
1.884147 -0.925851
1.986349 -1.128243
2.292981 -0.945272
2.131182 -1.001015
1.818174 -0.867405
1.893142 -1.084323
2.133089 -0.767490
1.950967 -0.876819
1.890771 -0.916267
1.869641 -0.755756
2.044167 -0.825923
2.079417 -0.755201
1.922478 -0.749756
2.041628 -0.868120
1.954629 -0.818915
2.079008 -0.923540
2.303370 -0.937342
2.165160 -1.165043
2.437859 -0.871984
2.477622 -1.283492
2.680109 -0.997644
1.900177 0.790932
2.677329 -1.187320
2.576457 -0.663456
2.514761 -1.279202
2.315260 -1.245834
2.624670 -0.759349
2.733455 -1.292618
2.423927 -0.795758
2.761739 -0.692294
2.415533 -1.399715
2.787821 -0.661227
2.802781 -0.706039
2.591792 -0.715042
2.805025 -0.739480
2.733791 -0.922387
2.706419 -0.494266
2.664431 -0.646108
2.443866 -1.226690
2.895627 -0.967134
2.672716 -0.720164
2.606457 -0.692226
2.802704 -1.561859
2.500703 -1.278111
2.527017 -0.630271
2.623860 -0.686252
2.716621 -1.306608
2.549295 -1.468309
2.533638 -0.960021
2.641048 -1.580407
2.556177 -1.140347
2.876461 -0.824041
2.588511 -1.102012
2.815091 -0.679325
3.339377 -1.203684
3.375854 -0.992603
3.507251 -0.672814
3.373907 -1.124292
3.418061 -1.106472
3.564886 -1.087499
3.443351 -0.971654
3.108225 -1.390788
2.139595 -0.048525
2.065873 0.069536
3.537598 -1.352291
3.651605 -1.336895
1.900401 -0.816094
-1.887047 0.341963
2.686684 -0.917362
2.520870 -0.844252
2.729738 -1.138007
2.631707 -0.941793
2.648069 -1.044935
2.709687 -1.046326
2.658828 -0.909793
2.632683 -0.889606
2.785934 -1.015139
2.659017 -0.902972
1.734048 -0.832081
2.137998 -1.041598
2.506699 -1.219887
1.869457 0.826941
1.897399 0.811310
1.894745 0.810482
1.899950 0.803842
1.890831 0.811349
1.854785 0.850073
1.841930 0.870856
1.903347 0.798756
1.913773 0.777683
2.083396 0.050726
2.068644 0.071941
2.004783 0.146358
3.699963 -1.301667
3.716296 -1.263050
-2.476215 0.250083
-2.210257 -0.212644
-2.420270 1.276182
-2.381282 1.399487
-2.259607 -0.191923
-2.565348 1.451746
-2.576102 1.327122
-2.552536 1.314834
-2.171735 -0.075008
-2.177324 -0.205497
-2.414177 -0.833793
-2.419718 -0.867312
-2.483413 -0.741182
-2.763804 -0.510192
-2.730824 -0.679161
-2.585948 -0.548064
-2.600217 -0.557669
-2.601068 -0.797118
-2.595144 -0.681034
-2.584718 -0.842098
-2.716406 -0.810281
-2.142059 0.438608
-2.198335 0.382760
-2.179037 0.428193
-2.193040 0.429716
-2.246916 0.387112
-2.252067 0.414191
-2.257179 0.510884
-2.269292 0.417784
-2.241696 0.373284
-2.168600 0.351939
-2.216609 0.413079
-2.167542 0.381065
-2.235271 0.365265
-2.214889 0.470628
-2.311109 0.361344
-2.167486 0.508523
-2.500279 1.256177
-3.218071 0.217491
-3.318757 0.157424
-2.973590 0.256830
-3.063027 0.342197
-3.027019 0.034953
-2.484194 -0.074360
-2.471754 -0.087244
-2.822347 0.004103
-2.970662 0.054734
-3.180743 0.135392
-2.848447 0.144802
-3.024354 0.027212
-2.929734 -0.017726
-3.206695 0.121632
-3.208435 0.237494
-2.817265 0.185320
-2.994240 0.076003
-2.838157 -0.008307
-2.848854 0.191672
-2.550841 1.277979
-2.517728 1.234719
-2.067205 0.305308
-2.035537 0.331390
-2.017712 0.313786
-3.037775 0.249959
-2.946840 0.221495
-2.823532 -0.033971
-3.154272 0.036006
-3.066084 0.182642
-2.938991 0.239809
-3.006822 0.205042
-3.106935 0.019963
-3.205412 0.197692
-2.901574 0.178048
-2.852078 0.141692
-2.880898 0.091742
-3.124873 0.246910
-2.952493 -0.063936
-3.023018 0.220814
-2.926742 0.225843
-2.420833 1.225368
-1.912151 0.151712
-1.871982 0.138498
-1.850437 0.134191
-1.867375 0.166442
-1.690696 0.830220
-1.428995 0.959148
-1.484592 0.898606
-1.588871 0.852240
-1.639291 0.807490
-1.415873 -0.040873
-1.618378 -0.052235
-1.573043 -0.070525
-1.375431 -0.063798
-2.335228 0.311505
-2.266711 0.568645
-2.372602 0.299381
-1.456647 -0.062808
-1.473615 -0.051827
-1.675251 0.772307
-1.696133 0.719009
-2.786600 0.702079
-2.760523 0.699017
-2.817457 0.743083
-2.796697 0.734665
-2.731297 0.687557
-2.707690 0.622760
-2.735891 0.650542
-2.813726 0.690871
-2.648680 0.577222
-2.769095 0.748138
-2.804971 0.705888
-2.841812 0.658559
-2.691821 0.603535
-2.641840 0.572019
-2.679136 0.514096
-2.455348 0.139290
-2.636980 0.276081
-2.656537 0.222194
-2.544415 0.419148
-2.582978 0.378419
-2.830353 0.633917
-1.755369 0.692168
-2.176127 -0.246298
-2.330555 -0.135961
-1.641174 0.804802
-2.435740 0.878788
-2.561472 1.256600
-2.510699 0.947171
-2.477974 0.933813
-2.345872 -0.043532
-2.250652 -0.142059
-2.370149 -0.033214
-2.255032 -0.143874
-2.129834 -0.327153
-2.181729 -0.288013
-2.110005 -0.336150
-2.132098 -0.313431
-2.115768 -0.304699
-2.143753 -0.325658
-2.114671 -0.307747
-2.200189 -0.239601
-2.134083 -0.361857
-2.196390 -0.321245
-2.092658 -0.318738
-2.141940 -0.277564
-2.398028 1.353164
-2.322457 1.344351
-2.446298 1.282103
-2.399063 1.203281
-2.344925 1.344323
-2.401297 1.302413
-2.364067 1.340647
-2.361072 1.242119
-2.294952 1.270818
-2.328395 1.310979
-2.581840 1.632993
-2.591017 1.506970
-2.620149 1.568578
-2.557807 1.487246
-2.591046 -0.703506
-2.440665 -0.805912
-2.626628 -0.793422
-2.755822 -0.564701
-2.816162 -0.590237
-2.795312 -0.649367
-2.831789 -0.680714
-2.640964 -0.559578
-2.621407 -0.801090
-2.562697 -0.817978
-2.608964 -0.625881
-2.603999 -0.680679
-2.540632 -0.878250
-2.514808 -0.918541
-2.751622 -0.848121
-2.769626 -0.818668
-2.055538 0.579732
-2.040899 0.505467
-2.050588 0.539747
-2.125927 0.527030
-3.039654 0.128842
-3.048355 0.089177
-2.481671 -0.130237
-1.360918 0.999366
-1.363736 0.982629
-1.418725 0.974864
-1.402277 0.959388
-1.367827 1.014035
-1.456466 0.985629
-1.382340 0.990989
-1.350280 1.016925
-1.343954 1.001007
-1.336118 1.022614
-1.392503 0.975867
-1.319543 1.044703
-1.412308 0.966528
-1.364001 0.946943
-1.419815 1.011507
-1.338304 -0.001549
-1.333285 -0.089629
-1.317981 -0.031435
-1.326937 -0.035145
-1.357519 -0.016144
-1.360608 -0.043673
-1.328091 -0.094589
-1.312723 -0.075790
-1.328369 -0.074371
-1.301107 -0.044965
-1.332674 -0.034216
-1.348355 -0.056251
-1.488779 -0.100457
-2.336563 0.728013
-2.817380 0.733131
