301 2
-0.627906 -0.507139
-0.884896 -0.713928
-0.488853 -0.643229
-0.068917 0.205406
0.126470 -0.765046
-0.932210 0.380970
-1.088918 0.327950
-0.864942 -0.259868
-0.961023 0.192563
-0.375413 0.045208
0.220638 -0.010777
-0.029935 0.070884
-0.114704 -0.135667
-0.371430 0.333820
-0.204310 0.104349
0.317528 -0.040221
0.050097 0.158638
0.022464 -0.217431
0.298453 -0.235067
-0.034607 0.344590
-0.152191 0.495040
0.101812 0.070606
0.076353 0.080911
0.529182 0.133281
0.218561 0.176945
-1.027880 -0.403784
-1.054245 -0.392769
-0.827534 -0.547172
-0.750692 -0.590507
-1.021539 -0.317609
-0.989018 -0.054218
-0.966462 -0.529145
-0.996135 -0.457642
-0.844642 -0.560871
-0.825160 -0.475725
-0.884716 -0.524110
-0.737306 -0.314978
-0.654251 -0.811346
0.454655 0.043010
0.468820 -0.834190
0.504927 -0.792188
0.563670 -0.770376
-0.084933 -1.170849
0.162082 0.417955
-0.078751 -1.011866
-0.431014 -0.452065
0.476043 -0.599666
0.398945 0.270885
0.318200 -0.893984
0.350470 -0.838131
0.560450 -1.082609
0.268720 -0.264524
0.394258 -0.957523
0.477910 -0.943563
-0.583171 -1.045858
0.408614 -0.875861
-0.077988 -0.402559
0.678903 -0.822362
0.031601 -0.478112
0.713295 -0.888327
0.259003 0.558196
0.319193 0.178033
-0.108605 -0.694483
-0.419364 0.277944
0.032178 0.092345
-0.409841 -0.363389
-0.179714 -0.100723
-0.310269 0.196352
0.112850 0.377120
0.451453 0.322133
-1.020086 0.445539
0.000248 0.000199
0.418034 0.629325
0.062778 0.234678
0.085533 0.455573
-0.178008 0.342368
-0.975169 0.316612
0.412927 0.185262
-0.137895 0.525457
0.021165 0.456294
-0.345800 -0.253187
0.227605 0.576393
0.048058 -0.174998
0.262941 -0.157513
-0.067542 0.693387
0.274379 0.226773
-0.587834 -0.176365
-0.246050 -0.035418
-0.243873 0.026525
-0.138174 0.090719
0.208602 0.049424
0.482360 -0.078333
-1.017442 0.324322
0.172375 0.281192
0.381661 0.392412
0.678837 0.089558
0.141549 0.100138
-0.469439 0.090981
-0.390288 -0.006851
-0.110245 0.119771
0.046657 -0.008075
-0.249128 0.126559
-0.223199 0.027040
-0.131496 0.049929
0.270027 -1.413907
0.183897 -1.201519
0.730962 -0.889497
-0.020165 -1.309864
0.076575 -0.405583
-0.463963 -1.280792
0.668032 -0.962830
0.379126 -1.029366
0.248595 -0.315526
-0.231735 -0.925986
-0.418278 -1.180954
0.187420 -1.382247
-0.338132 -1.365337
0.721596 0.001841
0.356489 -0.467744
0.161106 -0.032774
-0.063318 -0.611274
-0.067390 -1.135345
0.996430 -0.674206
0.329511 -1.004749
0.339488 -1.006294
-0.620743 -0.481161
0.243957 -0.715424
-0.675987 -1.513738
0.259178 -1.083709
0.302065 -1.283639
-0.685724 -1.596111
0.269924 -1.075384
-0.105409 -0.549253
-0.070076 -1.118488
0.016288 -0.630889
-0.080640 -1.005462
0.569510 -0.686202
0.643169 -0.649279
0.164343 -1.039778
0.186005 -1.152998
-0.623511 -1.497396
-0.141561 -1.297996
-0.037081 -0.980190
-0.046309 0.196876
0.556541 0.451472
-0.026486 -0.021187
-0.591365 0.262191
0.137768 0.403844
-0.088118 0.369681
-0.564614 -0.407322
0.040166 -2.016419
0.030924 -2.025337
-0.055454 -0.877379
0.350428 -0.607614
0.313146 -0.677988
-0.179694 0.539088
0.573736 -0.861993
0.326070 -0.858165
0.579485 -0.591281
0.320742 -0.878113
0.144097 -1.278802
-0.966748 -1.748676
-0.099541 -1.254955
0.050748 -1.025255
0.168137 -1.374601
0.039792 -1.341911
-0.052234 0.011818
-0.495103 -0.235350
-0.241821 -0.278294
-0.000297 -0.972495
-0.557528 -0.764542
-0.682735 -1.051197
0.058364 -0.543083
-0.504631 -1.038404
0.340821 -0.862255
-0.305923 -0.040158
0.294700 -0.994945
0.338204 -1.090549
0.121700 -1.291160
0.408812 -0.707894
0.347270 -0.677061
0.166898 -1.272172
-0.321343 -0.473004
0.062132 -0.673183
-1.191565 -0.834720
-0.280766 -0.974513
0.305820 -1.125071
-0.068023 -0.343228
0.847607 -0.920723
0.856377 -0.935234
-1.127980 -0.330382
-1.257439 -0.261733
-1.029434 0.385245
-0.845497 -0.230089
-1.099652 0.086431
-1.112652 -0.258473
-1.120967 0.095241
-1.127955 -0.257268
-1.124042 -0.304602
-0.523473 -0.854542
0.568634 -0.766812
-0.023099 -1.202529
-0.043927 -0.933043
0.474743 -0.588544
0.561941 -1.083248
0.531527 -1.074579
-0.848993 -1.137623
0.555775 -0.802800
-0.109335 -0.573339
0.227249 -1.364626
0.199702 -1.202513
-0.051586 -1.389368
-0.763945 -1.345478
0.618712 -0.966618
0.322932 -0.992335
-0.166133 -0.821519
-0.738522 -1.288919
0.150932 -1.386708
-1.049701 -1.587687
1.089917 -0.645754
-0.910764 -1.577904
0.292403 -1.309332
-0.885782 -1.657715
-0.079321 -1.075728
-0.980169 -1.584898
0.040465 -0.951889
0.041959 -2.028088
0.635957 -0.945772
0.544016 -0.578088
0.154464 -1.319966
-1.068156 -1.739479
0.171201 -1.573712
0.031553 -1.268045
0.069300 -1.037944
-0.567570 -0.313381
-0.390578 -0.620383
0.321794 -0.282243
0.179500 -0.096326
0.046075 -0.528649
0.139462 -0.267353
0.137546 -0.131511
0.585212 0.052858
0.325410 -0.165964
-0.298078 -0.057134
0.129445 0.324108
0.546729 0.134072
0.504151 0.492704
0.117338 -0.341604
0.396219 0.644577
0.355593 -0.292257
-0.185618 0.505848
-0.050414 0.838468
0.373918 0.060430
-0.166385 -0.257546
-0.087554 -0.225196
0.381739 -0.358475
0.534444 -0.166475
0.098109 -0.426075
-0.093412 -0.201573
-0.150085 -0.393853
0.626615 0.323512
0.073983 -0.328220
-0.678648 0.254051
-1.000359 -1.197837
-0.754955 -1.079095
0.402427 -0.944360
-1.278213 -0.828875
-0.313429 -0.895469
-0.868733 -1.223239
-1.179384 -1.566695
-0.961589 -1.250046
-0.804222 -1.069630
-0.696098 -1.266533
-0.902203 -1.298230
-1.259865 -1.163065
-1.145777 -1.337415
-1.232793 -1.354534
-1.227522 -1.121350
-1.385088 -1.695250
-1.393711 -1.761596
-1.284220 -1.693244
-1.445070 -1.718768
-1.293692 -1.918299
-1.324184 -0.882450
-1.312676 -0.774190
-1.176183 -0.811934
-1.321492 -0.022497
-1.407360 -0.769677
-1.011699 -0.830292
-1.031233 -1.293215
-0.510000 -1.064509
-0.445448 -1.082805
-1.268278 -1.384304
-1.428106 -1.812866
-1.528973 -1.776438
-1.330193 -1.946297
-1.344376 -1.105152
-1.439287 -1.735937
-1.334236 -1.714461
-0.631008 -0.797091
-0.384770 -0.802265
