368 2
1.516469 -0.630709
1.434655 -0.991638
1.545802 -0.482280
1.699045 -0.251617
1.608536 -0.245462
1.711510 -0.110890
1.417702 -1.098799
1.420388 -1.125973
1.539630 -0.025984
1.502405 0.120486
1.482187 0.127923
2.026146 -0.316289
2.112599 -0.311477
1.994879 -0.336793
1.411101 -0.163920
1.209462 -0.282954
1.296510 -0.235535
1.290897 -0.115127
1.250948 -0.147632
2.027026 -0.154292
1.918475 -0.193517
1.900141 -0.186071
1.764789 -0.238230
1.844921 0.068689
1.916522 0.054240
1.462423 -0.526172
1.398537 -0.511952
1.799142 -0.652286
1.746555 -0.664642
1.789929 -0.745510
1.225176 -0.109939
2.072436 -0.152506
1.989198 -0.215024
1.972430 0.103113
1.403093 -0.610343
1.699579 0.070243
1.717993 0.309177
1.692283 0.276187
1.634774 0.190147
1.600604 0.307015
1.648439 0.097099
1.205877 -0.249730
1.387019 -0.255189
1.121897 -0.244437
1.664417 -0.662543
1.634145 -0.745537
1.672182 -0.578064
1.382423 0.086767
1.267105 0.135406
1.382524 0.007201
1.736913 0.166238
1.725233 0.219087
1.644353 0.030556
0.508960 -0.114726
0.598660 -0.115717
1.479282 -0.081522
1.543794 -0.064200
1.861786 -0.487912
1.796867 -0.451118
1.450115 -0.266926
1.445836 -0.225878
1.420741 0.743075
1.418173 0.755928
1.923067 -0.120590
1.863455 -0.013906
1.984793 0.057023
2.068510 -0.484913
2.001142 -0.454854
1.823954 -0.200189
1.942173 -0.131575
2.069881 0.063909
1.911054 -0.080837
1.936386 -0.032665
2.096144 0.080229
2.323072 -0.133144
2.507617 -0.090503
2.674074 -0.074362
1.595552 -0.466084
1.697352 -0.727759
1.649192 -0.445226
1.501916 -0.387336
1.468774 -0.384765
1.591193 -0.478561
1.533014 -0.507696
1.521335 -0.589411
4.227585 0.227332
4.188502 0.254334
4.606304 0.446880
0.357610 -0.076730
0.269836 -0.095668
-1.914458 0.175753
1.367376 -0.034278
1.879139 -0.550839
1.421903 0.767325
1.427037 0.767271
1.400100 0.797648
2.119673 -0.492664
2.894256 -0.012907
2.851685 -0.039457
1.302190 -0.503851
4.519243 0.584869
4.158736 0.214851
4.142901 0.163462
0.250492 -0.047928
0.354791 -0.082395
0.294192 -0.105265
0.301743 -0.081721
3.011964 -0.009604
2.908372 -0.015608
2.967516 -0.013724
2.917920 -0.020859
3.892040 0.490148
3.009774 0.012508
2.987916 0.010357
3.406330 0.077561
4.650912 0.526153
4.599151 0.850036
4.602623 0.845418
4.508859 0.577263
4.400449 0.646055
4.747802 0.268111
4.699572 0.291998
4.796275 0.361065
4.789115 0.417116
4.008502 0.560747
3.949922 0.536788
4.475561 0.699703
4.451643 0.471860
4.441352 0.472993
4.476264 0.544472
4.579140 0.471519
4.616971 0.523757
4.602069 0.581362
4.473754 0.522695
4.527045 0.526574
4.450127 0.422909
4.413323 0.411908
4.589234 0.530380
4.772504 0.680073
4.383051 0.639789
3.577595 0.145757
4.748101 0.575169
4.619915 0.945857
4.600148 0.909821
4.596432 0.852992
4.464498 0.678122
4.850342 0.294673
4.773870 0.202367
4.818978 0.273211
4.885432 0.415821
3.968090 0.554480
3.967682 0.579919
3.994698 0.560516
4.093733 0.491739
4.422498 0.831733
4.621500 0.545776
4.848110 0.718236
-1.944574 0.522123
-1.984081 0.701744
-1.301243 0.330361
-1.265998 0.326555
-2.051251 0.271617
-2.210350 0.366191
-1.429115 -0.115628
-1.381776 -0.179846
-2.103004 0.408362
-2.082567 0.448493
-2.249013 0.454294
-2.378363 0.522762
-1.795347 -0.160779
-1.698048 -0.308946
-1.163857 0.211559
-1.097166 0.237691
-1.623506 0.422995
-1.472057 0.522239
-2.396150 -0.200921
-2.438066 -0.213297
-1.706921 0.658999
-1.622736 0.738369
-1.335274 -0.253701
-1.200932 -0.333271
-1.826150 0.461912
-1.873773 0.565387
-1.605208 -0.318923
-1.540758 -0.422688
-2.385216 0.180600
-2.424379 0.171281
-1.172286 -0.346313
-1.856195 -0.058932
-1.868193 -0.188451
-2.258019 -0.197947
-2.281182 -0.201830
-1.251973 0.323491
-1.157042 0.356607
-1.606548 0.215926
-1.520281 0.173045
-1.545665 0.382323
-1.469381 0.445784
-2.105016 0.482926
-2.140189 0.564657
-2.064776 -0.202198
-2.129766 -0.264618
-2.469185 0.446818
-2.578746 0.485922
-1.929535 -0.194086
-1.955675 -0.234551
-1.622965 0.081962
-1.565046 0.069504
-0.746540 0.007312
-2.224741 0.194659
-2.362691 0.203095
-2.637707 -1.052916
-2.684348 -1.049026
-2.520924 -0.925068
-2.666994 -1.003781
-2.210344 -0.385554
-2.633994 -1.043138
-2.675750 -1.139478
-2.598913 -1.062178
-2.678447 -1.050416
-2.666924 -1.082424
-2.579658 -0.978182
-2.638077 -1.032241
-2.632563 -1.038657
-2.609714 -1.038909
-2.624537 -1.031545
-2.610674 -1.023681
-2.653592 -1.069906
-2.635051 -1.034657
-2.595275 -1.127274
-2.666435 -1.076675
-2.676180 -1.085223
-2.581505 -0.997423
-1.723460 -0.107593
-1.652389 -0.206111
-2.158962 -0.036498
-2.197841 -0.026297
-2.006710 0.685994
-2.047383 0.790426
-1.620458 0.210874
-1.572459 0.270059
-2.232352 0.034998
-2.361738 -0.032126
-1.426524 0.167142
-1.384903 0.174212
-1.948695 -0.309718
-2.014905 -0.434385
-1.662172 0.100416
-2.368418 0.046353
-2.392811 0.021955
-2.015240 -0.424004
-2.640272 -0.020833
-2.730413 -0.017172
-1.937008 0.293279
-1.947636 0.292177
-1.819013 0.709383
-1.825177 0.738217
-1.886377 0.705862
-1.885829 0.956468
-2.352398 0.291356
-2.642810 0.288469
-2.221666 -0.052961
-2.240327 -0.054459
-1.972599 -0.357653
-2.018222 -0.427930
-2.176632 -0.046029
-2.217951 -0.096104
-2.176444 0.283428
-2.319417 0.397799
-2.118736 -0.154518
-2.183558 -0.263094
-1.876765 0.492122
-1.874663 0.607938
-1.809558 -0.028694
-1.625138 -0.094596
-1.582272 0.323867
-1.553542 0.322764
-1.303489 0.245974
-1.226924 0.267329
-2.480470 0.353206
-2.544449 0.366036
-2.078264 0.244003
-2.220676 0.456611
-1.747739 -0.189200
-1.707527 -0.281803
-2.017460 0.966231
-2.024488 1.025848
-2.153840 0.302906
-2.229146 0.341950
-1.823967 0.465298
-1.797743 0.512338
-2.660782 0.082867
-2.714761 0.041696
-1.929684 0.532863
-2.705109 0.079118
-2.151090 0.711786
-2.203346 0.776969
-1.970610 0.410320
-2.004305 0.504155
-1.261912 0.284377
-1.234172 0.301281
-1.743582 -0.345164
-1.721390 -0.410418
-2.123064 0.323258
-2.204278 0.426991
-1.713926 0.476262
-1.629451 0.591397
-2.345857 0.074898
-2.373970 0.062115
-2.053170 -0.290279
-2.025810 -0.399875
-1.956180 -0.102747
-1.916355 -0.196922
-1.174241 -0.343913
-1.150753 -0.352581
-1.913107 0.136554
-1.987036 0.107077
-1.738356 0.053006
-2.324213 -0.262239
-2.356744 -0.248337
-1.885370 0.158932
-1.765020 0.145085
-1.918497 0.001442
-2.188865 0.160745
-2.262181 0.126004
-1.654788 0.850995
-1.607924 0.906435
-1.889233 0.180828
-1.788429 -0.264560
-1.947876 0.285291
-1.910724 0.612301
-1.985202 0.408803
-1.969302 0.427317
-1.858067 -0.172530
-1.919575 -0.249295
-1.894455 0.216237
-1.961630 0.127380
-1.511788 0.148405
-1.322175 0.296763
-1.656684 0.168008
-1.445129 0.115073
-1.835699 0.246410
-1.457554 0.086340
-1.758002 0.210084
-1.620182 0.343358
-1.503418 0.388861
-1.735899 0.000665
-1.544113 -0.121181
-1.720716 0.358160
-2.447490 0.202073
-2.519059 0.217279
-1.722836 0.298712
-1.790964 0.064445
-1.810096 0.180815
-2.153991 0.063004
-1.859676 0.213701
-1.925870 0.100142
-1.987709 0.068442
-1.278981 0.009157
-1.191087 -0.007260
-1.488031 0.018830
-1.401557 -0.003559
-1.721686 0.395729
-1.645622 0.520254
-1.837607 0.177874
-1.735650 0.272544
-1.980635 0.017308
-1.815915 0.096544
