1079 2
1.379900 1.928241
1.374301 1.905879
1.299057 1.953685
1.337269 1.920356
0.974151 2.015249
1.005690 2.049942
1.377489 1.978092
0.810672 2.175276
0.819154 2.211826
0.937687 1.896735
0.970355 2.185512
0.471612 2.473983
1.002655 2.206425
0.731066 2.083558
0.762808 1.998765
0.743053 2.178433
0.764729 2.007557
0.827030 2.030514
0.706295 2.278026
0.687509 2.256091
0.925118 1.815724
0.522078 2.549739
0.944799 1.806947
0.472901 2.637128
0.469286 2.584702
0.956032 2.277367
0.948543 2.242036
0.659786 2.224943
0.979751 2.271827
0.743334 2.130235
1.010361 2.143163
1.703943 1.547292
0.740926 2.349420
0.406694 2.495400
0.408054 2.213324
0.221799 2.910015
0.268375 2.995863
0.274299 2.928415
1.019065 2.209694
1.125784 2.189933
0.557115 1.870922
0.770678 1.960035
0.609030 1.441260
0.739920 2.039436
0.591772 1.941723
0.775558 1.972639
0.720928 1.960678
0.570785 2.226228
0.850680 1.792192
1.096614 1.463487
0.441340 2.426085
0.514382 2.618166
0.461126 2.389679
1.184360 2.180853
0.714050 2.194429
0.562820 2.040163
0.963912 2.266208
1.198067 2.179741
0.698984 2.174243
0.603602 2.049580
-0.478268 2.547031
-0.374350 2.617817
0.135485 2.831093
0.145737 2.835765
0.145982 3.742102
0.132827 3.913767
-0.606738 3.428003
0.199739 3.038243
-0.080349 2.893615
0.021522 2.936248
0.586267 3.224222
0.252436 2.983713
0.269817 2.993499
0.526298 2.669818
0.713492 3.340628
-1.210238 -1.982810
-0.383211 2.613578
-0.885517 2.299102
-0.902863 2.277653
-0.756947 2.404033
0.082257 2.809224
0.117031 3.847600
0.084266 4.491804
0.060700 4.479853
0.091498 4.391561
-0.504038 3.355996
-0.600424 3.422065
-1.137423 3.728812
-1.160158 3.762564
-1.179333 3.783977
0.209774 3.021832
0.199035 3.111476
-0.059296 2.948437
-2.418728 1.871352
-2.268768 2.003511
-0.118635 2.924151
0.591237 3.228003
0.676485 3.281718
1.025920 3.596561
1.054189 3.607537
1.001224 3.538846
0.144877 3.022685
0.521443 2.628694
0.515607 2.664762
0.720244 3.355628
0.741473 3.391157
-1.249389 -1.917204
-1.129296 -2.298243
-1.069512 -2.300311
-1.412077 -2.016237
-1.344525 -2.054714
-1.354175 -2.085653
0.566897 1.927531
0.570788 1.973752
1.243826 2.214158
0.509606 1.948475
0.490596 2.292228
0.731167 1.864505
0.614588 1.351684
0.518156 0.902697
0.515513 0.868033
1.178147 2.176662
1.289845 2.218770
1.293872 2.229748
0.966442 2.279002
0.937958 2.252280
2.301776 0.946693
2.271647 0.975157
0.359211 2.137528
1.722960 1.510031
2.162750 1.008129
2.195718 1.012333
1.747040 1.509037
1.743576 1.508111
0.534862 1.825677
0.534203 1.792074
0.554308 1.780707
0.899238 1.746781
0.401772 2.414078
-2.288953 1.804779
-2.332111 1.799123
-0.182626 2.797348
-2.351581 1.941191
-2.443527 1.773446
-2.368206 2.098447
-2.299413 1.848084
-2.321767 1.961355
-2.289489 1.769695
-2.630847 1.880147
-2.241645 1.963668
-2.230715 1.956155
-2.328469 1.743499
-2.483770 1.982145
-2.340627 2.021724
-2.258719 1.952323
-2.323371 1.973430
0.191578 -3.378551
1.119060 -3.470831
-1.078462 -2.333487
-1.257700 -2.146034
-1.081387 -2.389315
-1.085939 -2.410996
-1.995527 -2.327468
-1.082522 -2.383383
-1.207985 -2.233399
-1.027480 -2.388808
-0.457566 -1.901053
-0.535367 -1.939502
-1.210470 -2.172718
-1.093953 -2.342289
-1.571202 -0.943110
-1.282915 -2.123376
-1.566082 -0.912812
-1.030619 -2.396050
-1.860140 -3.587487
-2.165786 -2.305488
0.434482 0.556528
2.217274 0.393267
2.505599 0.947698
2.515692 0.972751
-2.387795 1.978301
-2.406584 1.893529
-2.619657 1.878425
-2.340213 2.068030
-2.394607 1.929520
-2.306999 1.955690
-2.274888 1.803537
-2.538130 1.874708
-2.601798 1.909605
-2.566985 1.836950
-2.329177 1.910658
-2.404422 1.855904
-2.411973 1.908205
-2.456105 1.802077
-2.456926 1.873178
-2.440168 1.898764
-2.430995 1.884999
-2.475542 1.824516
-2.620285 1.852155
-2.395811 1.894103
-2.087203 1.892285
-0.100560 2.912379
-0.122270 2.851144
-2.417564 1.958468
-2.416975 1.680876
-2.292555 2.160905
-2.334480 1.901927
-2.464941 1.783528
-2.443370 1.801063
-2.442420 1.913540
-2.476151 1.865215
-2.424629 1.852817
-2.459877 1.729931
-2.466096 1.755666
-2.331984 1.932372
-2.426075 1.893550
-2.474689 1.776612
-2.416336 1.695659
-2.445030 1.777135
-2.523149 1.900107
-2.495983 1.844643
-2.607774 1.871909
-2.423044 1.840531
-2.223453 1.938373
-2.472190 1.901152
-2.415610 1.819694
-2.348945 -2.306547
-2.366537 -2.260325
-2.312841 -2.294382
-1.898380 -3.637969
-1.997345 -3.843309
-1.999685 -3.804172
-1.981317 -3.833673
-1.678859 -0.649584
-1.670382 -0.659265
-1.633157 -0.653168
-0.269711 -1.752128
-0.158175 -1.709433
-0.241281 -1.731004
-1.093657 -2.396940
-2.438853 1.831069
-2.465379 1.863523
-2.509143 1.783542
2.415441 -3.846354
0.796982 -3.440807
1.049517 -3.061649
0.152774 -3.538093
0.243790 -3.413352
2.340976 -3.835677
2.444189 -3.770095
2.462535 -3.800009
2.432652 -3.692230
0.153547 -3.332934
0.159653 -3.367707
0.164690 -3.372099
0.173457 -3.361866
0.144292 -3.346613
0.015020 -3.976264
0.010158 -3.118319
0.508260 -3.446373
-2.278606 -2.238221
-2.184677 -2.310787
-1.140185 -2.389756
-1.177230 -2.354534
-1.323583 -2.168115
-0.331585 -1.813711
-1.234399 -2.222275
-2.155011 -2.295553
-1.283352 -2.087969
-0.426892 -1.861758
-1.293048 -2.079289
-1.207432 -2.302895
-2.268729 -2.277662
-1.289506 -2.204826
-1.179178 -2.309157
-1.225476 -2.351285
-1.402395 -2.108808
-1.096763 -2.344120
-2.237990 1.752133
-2.279332 1.749508
-2.643162 1.877768
-2.653934 1.877063
-2.156723 1.988577
-2.161044 1.961992
-2.260571 1.745986
-2.567577 2.055482
-2.349518 2.084975
-2.254105 1.935385
0.157304 -3.426997
0.230762 -3.418011
0.131071 -3.531619
0.093098 -3.541708
0.137144 -3.512877
0.156460 -3.479062
0.125321 -3.509356
0.100722 -3.527681
0.110090 -3.531730
0.095825 -3.556137
0.140779 -3.517522
1.001809 -3.175835
0.934762 -3.269396
1.084432 -2.997790
1.096700 -3.004184
1.103093 -3.029805
1.056994 -3.057129
1.037536 -3.146660
1.061677 -3.014050
1.080102 -3.031886
1.077800 -3.051144
1.023497 -3.093538
1.082569 -3.000049
1.129922 -3.000854
1.073050 -3.065533
1.121617 -2.977814
1.047523 -3.050771
1.081508 -3.002242
1.091660 -3.009466
0.849456 -3.454119
0.795200 -3.518071
0.849808 -3.445833
0.816061 -3.461846
0.837754 -3.451134
0.825248 -3.467299
0.827121 -3.492697
0.749390 -3.397069
0.802373 -3.486661
0.645802 -3.454753
0.633326 -3.444034
0.840253 -3.447233
0.787098 -3.395345
0.603310 -3.500263
0.843849 -3.461318
0.801077 -3.489971
2.449877 -3.834958
2.498631 -3.788879
2.407145 -3.881799
2.504435 -3.891072
2.348536 -3.689815
2.544545 -3.802349
2.453882 -3.877611
2.459611 -3.829852
2.392433 -3.720581
2.530119 -3.801767
2.439689 -3.873395
2.421982 -3.733787
2.393789 -3.854233
2.347888 -3.748376
2.386848 -3.808974
2.522311 -3.870812
2.388930 -3.773932
2.420970 -3.924914
2.362348 -3.791252
2.353206 -3.936524
2.329656 -3.802634
2.475841 -3.873382
2.424292 -3.874846
2.346386 -3.632918
2.402954 -3.715086
2.356666 -3.873251
2.515424 -3.728408
2.328873 -3.753606
2.463410 -3.753371
2.394165 -3.883760
2.416703 -3.843405
2.385649 -3.838083
2.274555 -3.916484
2.396198 -3.674588
2.406030 -3.747881
2.373102 -3.820622
2.384426 -3.961962
2.414198 -3.807181
2.556377 -3.812910
0.745060 -3.445906
0.541951 -3.454237
0.698999 -3.446316
0.918949 -3.398436
0.642071 -3.450534
0.658271 -3.448422
0.835695 -3.459714
0.843100 -3.444233
0.870929 -3.445781
0.818752 -3.496929
0.838982 -3.455534
0.850406 -3.462778
0.817343 -3.531181
0.846985 -3.523446
0.822481 -3.476696
0.794934 -3.467501
0.902438 -3.385569
0.861174 -3.447559
0.845026 -3.435367
0.828952 -3.439126
1.063591 -3.036572
1.059253 -3.038154
1.056610 -3.054415
1.084579 -3.026681
1.065439 -3.053574
1.116568 -2.989543
1.059999 -3.010865
1.039000 -3.075193
1.056992 -3.070002
1.068823 -3.023601
1.047568 -3.036372
1.085871 -2.998840
1.074664 -3.030673
1.072454 -3.022301
1.073351 -3.020965
1.141261 -3.077616
1.144913 -3.016842
1.034947 -3.027955
1.105296 -2.953915
1.064977 -3.040838
0.082355 -3.437890
-2.700396 1.878328
-1.913232 1.961428
1.062095 1.407661
1.123912 1.438688
0.917870 1.895647
1.115422 1.455434
1.101992 1.448442
1.138559 1.478471
1.103552 1.463347
1.114946 1.459527
1.132392 1.422436
1.123894 1.452645
1.114323 1.472746
1.150028 1.494649
1.108646 1.460402
1.122111 1.457626
1.126530 1.433167
1.117817 1.453688
1.128806 1.432132
1.171438 1.506441
0.003428 -3.968288
0.022749 -3.985281
0.007395 -3.995282
-0.001523 -3.971437
-0.028788 -3.967602
0.002653 -3.955389
-0.018101 -3.998899
-0.013428 -4.038370
-0.016459 -4.020517
0.010253 -3.970419
-0.069473 -4.068055
0.029674 -4.021385
0.004515 -3.971969
0.005689 -4.014603
0.035551 -3.998010
-0.016895 -3.987846
-0.036063 -4.017990
0.000628 -3.961422
0.014727 -3.938966
0.030575 -3.935259
-2.354918 -2.300080
-2.393242 -2.265559
-2.344446 -2.348164
-2.417310 -2.284839
-2.398449 -2.286142
-2.423043 -2.207732
-2.390574 -2.322305
-2.360044 -2.347641
-2.347241 -2.355657
-2.331853 -2.317292
-2.281892 -2.218553
-2.325171 -2.346410
-2.293863 -2.335166
-2.440831 -2.255030
-2.041799 -3.860880
-2.044801 -3.910769
-2.034475 -3.862060
-1.923867 -3.764229
-2.005606 -3.818675
-2.066073 -3.851137
-2.016834 -3.842892
-1.984516 -3.749360
-2.149249 -3.871265
-2.083123 -3.745120
-2.087672 -3.838451
-2.072719 -3.817801
-1.945177 -3.791605
-1.988271 -3.811266
-2.015291 -3.841604
-1.994446 -3.874803
-1.943231 -3.736003
-1.971455 -3.794938
-1.657104 -0.661457
-1.687770 -0.602425
-1.600601 -0.677248
-1.635366 -0.694664
-1.713721 -0.701213
-1.573137 -0.697872
-1.657304 -0.688249
-1.726018 -0.718719
-1.624820 -0.672189
-1.647523 -0.749642
-1.718821 -0.596572
-1.662322 -0.639544
-1.612899 -0.647075
-1.653346 -0.583531
-1.749372 -0.683664
-1.741277 -0.543550
-1.646584 -0.718708
-1.752892 -0.713632
-1.316550 -2.026727
-1.395585 -2.042198
-1.339938 -2.006555
-1.409614 -2.091924
-1.338119 -2.065167
-1.462237 -2.127654
-1.360515 -2.073462
-1.439311 -2.016693
-0.257856 -1.751884
-0.328103 -1.665424
-0.090076 -1.636431
-0.184355 -1.584641
-0.177328 -1.724237
-0.125269 -1.629806
-0.248572 -1.754697
-0.214702 -1.703689
-0.260886 -1.788334
-0.260015 -1.605924
-0.314423 -1.646940
-0.170573 -1.653796
-0.266184 -1.765461
-0.245423 -1.755089
-0.186948 -1.732663
-0.180403 -1.763783
2.165268 0.290292
2.252243 0.353850
2.269670 0.337606
2.245814 0.353094
2.200304 0.364486
2.236166 0.384143
2.224665 0.323493
2.180934 0.386146
2.220807 0.348992
2.224724 0.370988
2.197953 0.278254
2.205343 0.367725
2.176923 0.417945
2.235494 0.381469
2.210194 0.350769
2.201065 0.325975
2.230878 0.332314
2.235046 0.370208
2.284127 0.398360
2.241867 0.336082
1.024805 3.698527
1.089728 3.654083
1.075483 3.599622
1.089280 3.730176
1.016266 3.583743
1.031369 3.654699
0.985128 3.574075
1.049948 3.643228
0.995617 3.657419
1.035515 3.611209
0.982035 3.541694
0.951575 3.490261
1.129372 3.620844
1.027836 3.499597
1.102756 3.572941
1.024030 3.656950
1.070159 3.588407
0.974703 3.607412
1.137643 3.702888
-1.146042 3.782591
-1.102208 3.822545
-1.129987 3.663181
-1.241112 3.798148
-1.173116 3.751488
-1.128103 3.720992
-1.276892 3.696738
-1.145139 3.717903
-1.149676 3.745102
-1.180106 3.761816
-1.201595 3.662288
-1.188785 3.804318
-1.125321 3.836561
-1.146906 3.820482
-1.068959 3.709137
-1.126229 3.687652
-1.139969 3.747310
-1.236532 3.719374
-1.216300 3.796326
-0.844319 2.259028
-0.855369 2.369015
-0.862746 2.327024
-0.807914 2.361976
-0.871598 2.352749
-0.810740 2.397836
-0.861655 2.320872
-0.819405 2.359637
-0.839710 2.341835
-0.939310 2.202569
-0.953780 2.281298
-0.932405 2.257328
-0.984345 2.193179
-0.914108 2.268876
-0.939429 2.239001
-0.928096 2.325163
-0.979990 2.224406
-0.912075 2.238208
0.041675 4.464063
0.031503 4.408377
0.095268 4.425447
0.051283 4.460031
0.144781 4.411095
0.105345 4.390906
0.080689 4.486667
0.086716 4.444515
0.050780 4.412334
0.079785 4.446872
0.068809 4.413548
0.013250 4.378175
0.081135 4.529413
0.105206 4.444709
0.158499 4.468050
0.084940 4.480543
0.136602 4.380318
0.145397 4.432127
0.047134 4.586757
0.038912 4.484293
0.139980 4.564549
0.098796 4.544903
0.055893 4.490060
0.088825 4.486763
0.145168 4.589382
0.119709 4.550932
0.006288 4.510687
0.078902 4.516140
0.139041 4.570763
0.121896 4.456443
0.099308 4.563139
0.037780 4.560399
0.112927 4.519387
0.085409 4.519689
0.099762 4.539834
0.076074 4.482394
0.038133 4.514923
0.069352 4.544794
-0.924806 2.244057
-0.867884 2.242622
-0.888017 2.319444
-0.929442 2.251457
-0.941548 2.279348
-0.971450 2.205662
-0.854396 2.332548
-0.871981 2.300842
-0.875951 2.242554
-0.985462 2.339713
-0.893140 2.224166
-0.902302 2.270375
-0.944849 2.371427
-0.925136 2.277175
-0.864883 2.199749
-0.925624 2.259267
-1.045471 2.245118
-0.821994 2.360544
-0.892794 2.287334
-0.930593 2.245746
-1.119062 3.743585
-1.173420 3.749246
-1.177158 3.795950
-1.170783 3.770302
-1.135686 3.846627
-1.175682 3.784279
-1.129090 3.740601
-1.236586 3.766825
-1.236554 3.805040
-1.133875 3.735994
-1.140916 3.825743
-1.206301 3.782545
-1.247861 3.691654
-1.124069 3.798701
-1.220785 3.801974
-1.128302 3.748606
-1.149501 3.736236
-1.211376 3.769904
-1.164553 3.754613
-1.165617 3.755568
1.002491 3.545307
1.082410 3.584055
1.121193 3.626147
0.987832 3.532747
0.964911 3.598045
1.047123 3.535678
1.046416 3.606961
1.023208 3.521354
0.976166 3.663811
1.033450 3.648760
1.113514 3.648440
1.039559 3.647652
1.079374 3.662954
1.134499 3.520379
1.081235 3.565917
1.014981 3.646175
1.086003 3.533625
1.081974 3.660073
1.008628 3.547725
0.741575 2.287544
0.803696 2.322986
0.807540 2.293673
0.813093 2.366084
0.984203 2.037223
0.876354 2.006355
0.705016 2.274985
0.805334 2.224268
0.729993 2.296194
0.839752 2.286385
0.758605 2.272113
0.865367 2.159477
0.875917 2.062502
0.831922 2.044188
0.682401 2.376275
0.763979 2.232733
0.689989 2.378260
0.857346 2.325012
0.279701 2.894050
0.273527 2.909754
0.289144 2.967565
0.221368 2.957318
0.302710 3.009689
0.184454 2.891908
0.268326 2.899506
0.233904 2.837042
0.226814 2.954575
0.228146 2.957989
0.234345 3.025840
0.289205 2.889833
0.210170 2.934628
0.210866 2.974039
0.248547 2.849640
0.199030 3.004310
0.362403 2.746675
0.242963 2.876214
0.237993 2.961494
2.226034 0.398451
2.206829 0.332305
2.226524 0.372932
2.212119 0.346955
2.207984 0.351939
2.216163 0.339212
2.234304 0.393803
2.206977 0.356672
2.183290 0.315511
2.214354 0.340042
2.174422 0.286696
2.190499 0.334614
2.222156 0.375591
2.222962 0.353415
2.244780 0.379741
2.234815 0.312525
2.270991 0.425304
2.185661 0.384938
2.212742 0.383811
2.214987 0.364078
-0.179898 -1.831028
-0.104409 -1.622044
-0.234920 -1.766415
-0.218957 -1.785502
-0.238008 -1.695393
-0.233393 -1.732996
-0.169042 -1.718043
-0.128260 -1.772769
-0.196307 -1.673216
-0.228122 -1.737796
-0.256478 -1.761586
-0.244935 -1.780496
-0.271710 -1.786110
-0.147120 -1.700722
-0.130665 -1.699119
-0.275123 -1.701728
-0.222124 -1.720047
-0.151297 -1.741254
-0.215752 -1.755928
-0.292346 -1.682805
-1.379857 -2.010941
-1.402312 -2.132370
-1.438057 -2.043476
-1.482694 -2.050175
-1.320564 -1.980543
-1.513340 -2.110308
-1.405757 -2.066822
-1.421023 -1.974927
-1.386644 -2.149652
-1.409392 -2.053679
-1.406307 -2.032158
-1.389359 -1.997415
-1.383172 -2.058048
-1.391015 -1.997391
-1.395897 -2.106048
-1.420528 -1.979919
-1.392504 -2.106400
-1.420786 -2.087135
-1.376648 -2.107120
-1.366973 -1.991670
-1.605140 -0.579502
-1.654496 -0.607105
-1.638927 -0.610176
-1.718714 -0.632022
-1.609687 -0.634656
-1.595788 -0.614054
-1.685193 -0.654237
-1.631910 -0.707680
-1.623171 -0.643483
-1.734239 -0.559310
-1.769125 -0.568909
-1.658813 -0.622928
-1.637844 -0.613728
-1.692110 -0.690918
-1.607801 -0.711902
-1.564345 -0.572431
-1.683026 -0.598092
-1.521489 -0.622811
-1.681104 -0.750492
-1.668558 -0.616854
-1.951468 -3.775530
-1.903107 -3.725827
-1.998934 -3.865399
-2.121117 -3.958801
-2.047273 -3.872232
-1.997125 -3.768281
-1.933275 -3.735037
-2.005365 -3.907410
-1.985562 -3.832189
-1.932039 -3.758090
-2.041465 -3.886874
-2.019624 -3.837582
-2.055417 -3.869202
-2.023342 -3.885525
-1.951695 -3.899803
-2.029687 -3.851043
-2.046922 -3.842702
-2.033551 -3.917850
-1.966500 -3.862211
-1.965673 -3.794306
-2.378132 -2.275639
-2.270512 -2.189264
-2.425443 -2.234843
-2.410073 -2.325376
-2.395324 -2.295417
-2.367925 -2.292313
-2.360577 -2.237079
-2.288368 -2.362030
-2.374079 -2.288685
-2.408656 -2.286205
-2.432233 -2.378755
-2.432060 -2.260207
-2.217423 -2.372893
-2.395505 -2.301518
-2.346431 -2.321496
-2.417383 -2.239675
-2.334963 -2.271782
-2.397877 -2.219595
-2.419447 -2.348280
-2.333847 -2.336771
0.075827 -4.067185
0.036504 -4.025019
0.054255 -4.020288
0.079743 -4.059120
0.021454 -3.975787
0.006133 -3.984759
0.026642 -3.954451
-0.009166 -3.969744
-0.030615 -4.022205
0.045493 -3.906749
0.051337 -3.925622
0.019197 -3.952077
-0.000036 -4.013770
-0.013954 -3.959938
-0.014722 -4.042203
-0.018534 -4.011188
-0.042177 -4.020460
0.000759 -3.989686
-0.088276 -3.877907
0.521737 -3.446915
0.495540 -3.459735
0.428618 -3.406557
0.530055 -3.493842
0.511598 -3.435533
0.422863 -3.381635
0.465611 -3.408636
0.528199 -3.517582
0.476216 -3.405150
0.517637 -3.412652
0.486859 -3.448578
0.459352 -3.451581
0.489763 -3.441732
2.391075 -3.684851
2.503133 -3.784052
2.484662 -3.630532
2.506796 -3.824482
2.410297 -3.706194
2.406487 -3.731859
2.441757 -3.714634
2.467000 0.885211
2.524846 0.955008
2.565812 0.931245
2.583475 0.992074
2.505381 1.020368
2.584022 0.880702
2.543576 0.978930
2.529283 0.958961
2.473815 0.993081
2.471077 1.007337
2.512939 0.943827
2.585984 1.024031
2.577270 1.018901
2.414866 0.995089
2.497321 0.950345
2.496683 0.934142
2.563765 0.918882
2.523414 0.957685
2.558745 0.896775
2.412421 0.984013
0.170329 3.031580
0.238872 2.909605
0.122086 3.021091
0.184977 3.015212
0.132796 2.921726
0.434987 0.528082
0.466374 0.581175
0.415616 0.606467
0.416219 0.561630
0.395829 0.554484
0.482004 0.497819
0.450897 0.533006
0.423313 0.547394
0.430128 0.557405
0.407254 0.534799
0.426155 0.494839
0.413499 0.526937
0.436515 0.559899
0.409075 0.520700
0.418382 0.553018
0.424843 0.556430
0.385995 0.490047
0.456967 0.581503
0.445182 0.550399
0.425051 0.481352
-0.005754 -3.085994
-0.008798 -3.088623
-0.002563 -3.109084
0.022325 -2.901847
0.013437 -3.105878
0.053890 -3.161463
0.007312 -3.104189
0.005711 -3.134964
0.059411 -3.056001
0.036841 -3.155614
0.028281 -3.128442
0.008314 -3.119538
-0.083549 -3.044854
0.002554 -3.140853
0.071411 -3.065675
-0.815899 2.379099
-0.848100 2.358068
-0.743381 2.420920
-0.954597 2.248316
-0.793042 2.155727
-0.946211 2.261187
-0.919643 2.266860
0.800400 2.480520
0.733228 2.454939
0.768651 2.439976
0.793341 2.369619
0.809113 2.446300
0.753391 2.369675
0.657008 2.223242
0.840785 2.416544
0.826511 2.472135
0.813280 2.383380
0.403267 0.513184
0.382014 0.513470
0.411318 0.520724
0.406545 0.517870
0.444817 0.542857
0.443268 0.549773
0.436753 0.534627
0.432562 0.515112
0.373489 0.653170
0.424991 0.548041
0.427778 0.577209
0.383677 0.537224
0.421522 0.540798
0.446586 0.526234
0.350560 0.565343
0.439926 0.562616
0.461376 0.569880
0.401812 0.557907
0.412326 0.542215
0.461276 0.561822
0.149532 2.963217
2.497582 0.904537
2.550768 0.997168
2.521375 0.942941
2.488376 0.934061
2.484018 0.916441
2.603187 1.029923
2.508658 0.942626
2.527754 0.946753
2.490823 0.923367
2.516162 0.975950
2.486258 0.980642
2.536289 0.917687
2.511652 0.952121
2.570626 0.974669
2.464460 1.037662
2.495701 0.919614
2.592795 1.019692
2.545181 0.943166
2.602383 1.004774
2.533015 1.017275
0.523720 -3.442308
0.448641 -3.437091
0.451250 -3.427696
0.505087 -3.499707
0.513379 -3.460565
0.466283 -3.431236
0.459895 -3.423702
0.481217 -3.473674
0.476106 -3.429902
0.578025 -3.500448
0.478125 -3.473172
0.470737 -3.438635
0.547087 -3.464740
0.483963 -3.451750
0.516452 -3.475998
0.475573 -3.462043
-0.717200 2.407004
-0.732699 2.434124
-0.783148 2.379511
-0.743714 2.438831
-0.766275 2.415840
-0.748107 2.399799
0.993215 1.979520
1.018433 1.896344
0.993983 1.897280
0.983658 1.922838
1.040814 1.851305
0.974665 1.907953
1.005493 1.902622
0.978092 1.849861
0.976961 1.897270
-0.963213 2.228533
-0.981722 2.405296
2.489187 0.929000
2.631391 1.060593
-0.081435 -1.747944
-0.117300 -1.620560
-0.231846 -1.766859
-0.229081 -1.807490
-0.139138 -1.671929
-0.161076 -1.792693
-0.130865 -1.622841
-0.196424 -1.575016
-0.123814 -1.701020
-0.127616 -1.715491
-0.072743 -3.032887
-0.027319 -3.102655
0.012561 -3.115796
0.060683 -3.189882
0.013695 -3.166729
-0.002890 -3.120489
-0.009827 -3.103459
0.005701 -3.142681
-0.038121 -3.090771
0.004672 -3.133271
0.004019 -3.153166
-0.046835 -3.158135
0.006842 -3.110592
-0.016650 -3.105839
-0.009406 -3.164437
0.000590 -3.127491
-0.013739 -3.137241
-0.032470 -3.087321
0.015511 -3.095799
0.044885 -3.114390
